0    0.787751739269
1    0.768462260902
2    0.757315093306
3    0.755142134512
4    0.756790277579
5    0.764478459131
6    0.741739505859
7    0.747346891041
8    0.765291663014
9    0.749728024199
10   0.752859449268
11   0.753959041603
12   0.745975552188
13   0.74440347766
14   0.753817914271
15   0.748579670626
16   0.74684901508
17   0.741302336658
18   0.748432706139
19   0.753534589831
20   0.744300751899
21   0.753631770743
22   0.750438265538
23   0.748688949478
24   0.74894636731
25   0.754116299951
26   0.75092771969
27   0.743039661302
28   0.738019912088
29   0.711666999359
30   0.60072911749
31   0.273408551915
32   -0.249619695775
33   -0.59167532471
34   -0.711045460968
35   -0.753868381466
36   -0.748545434448
37   -0.751373459159
38   -0.753584359612
39   -0.745639950098
40   -0.741781016946
41   -0.750171836498
42   -0.753862301223
43   -0.751940265309
44   -0.741705053667
45   -0.755619001311
46   -0.74809244241
47   -0.754338508798
48   -0.746373796616
49   -0.750034535191
50   -0.746654457093
51   -0.749763521401
52   -0.750255008867
53   -0.745617838746
54   -0.747838133745
55   -0.757556264681
56   -0.748426182913
57   -0.758865774948
58   -0.758550485916
59   -0.752194101934
60   -0.76641240481
61   -0.758927075012
62   -0.772074319364
63   -0.789267715736
0    0.779516826893
1    0.771686758732
2    0.759449537944
3    0.754757976175
4    0.749863309615
5    0.758460053576
6    0.742279995695
7    0.747044332181
8    0.762131230521
9    0.75006772371
10   0.755768036759
11   0.75357498951
12   0.751106154987
13   0.745250477913
14   0.750662370511
15   0.745484912005
16   0.75163339935
17   0.742976377872
18   0.752984655248
19   0.755345248452
20   0.741846696148
21   0.750849180068
22   0.74547620091
23   0.750039795213
24   0.751727842102
25   0.754648798074
26   0.749172046694
27   0.744670266172
28   0.741080441918
29   0.712552112044
30   0.599031503232
31   0.281009621853
32   -0.243005288793
33   -0.590526327152
34   -0.711340414462
35   -0.754672058808
36   -0.749795312512
37   -0.754515758746
38   -0.754223633138
39   -0.749657558329
40   -0.742660458462
41   -0.750584737365
42   -0.754271153184
43   -0.748399411544
44   -0.74643496433
45   -0.757353687423
46   -0.748982181512
47   -0.75203332072
48   -0.74716090147
49   -0.750012074087
50   -0.748260023029
51   -0.748355067134
52   -0.753161231194
53   -0.748148992219
54   -0.742702484176
55   -0.752726830926
56   -0.746829532549
57   -0.757830797876
58   -0.758482718755
59   -0.751523455526
60   -0.76835548189
61   -0.760739319615
62   -0.778400747685
63   -0.781003219388
0    0.786545063341
1    0.770027239988
2    0.756795087497
3    0.75237520938
4    0.755749672981
5    0.758724011821
6    0.740809170353
7    0.746363776756
8    0.762321360886
9    0.74888402032
10   0.757186626699
11   0.756757054956
12   0.74931405656
13   0.749298616782
14   0.750475075779
15   0.746266226053
16   0.751362951418
17   0.742562555237
18   0.749485455894
19   0.755287444162
20   0.740886911328
21   0.750070088587
22   0.748133070799
23   0.749297151681
24   0.752843839532
25   0.752865625716
26   0.749548328758
27   0.744326915691
28   0.73904063641
29   0.711769388256
30   0.598354467621
31   0.279860311133
32   -0.243129709212
33   -0.590842239847
34   -0.709931309932
35   -0.752631307163
36   -0.748259015321
37   -0.753302697209
38   -0.754321653628
39   -0.747984200636
40   -0.740414247571
41   -0.751813971612
42   -0.753245095656
43   -0.750296408314
44   -0.748927412259
45   -0.755196406528
46   -0.750547429165
47   -0.754381661863
48   -0.748520738826
49   -0.748901761867
50   -0.744626534037
51   -0.751134800286
52   -0.75441854305
53   -0.749415399176
54   -0.745392670012
55   -0.757380508914
56   -0.748210394575
57   -0.754573750444
58   -0.756907742566
59   -0.755333593873
60   -0.762699508698
61   -0.762215024728
62   -0.771769604691
63   -0.786862093267
0    0.786462865266
1    0.773783301032
2    0.754761899191
3    0.748290345422
4    0.756166693958
5    0.758963456805
6    0.744324650455
7    0.743423018828
8    0.764575470288
9    0.751881742191
10   0.756375307108
11   0.756626390971
12   0.747529353364
13   0.742528516149
14   0.74944072136
15   0.746182910445
16   0.748659629183
17   0.742676577742
18   0.749272808153
19   0.756625384076
20   0.740898049159
21   0.749111517312
22   0.747421076831
23   0.750052633409
24   0.749765649124
25   0.750159499367
26   0.747950380052
27   0.744712950259
28   0.739390814616
29   0.71122432467
30   0.601639518055
31   0.28804905051
32   -0.234706827039
33   -0.588323847008
34   -0.708964022772
35   -0.753190915244
36   -0.745533480894
37   -0.751817321539
38   -0.755326807001
39   -0.749482743804
40   -0.743902182863
41   -0.753740260841
42   -0.755689874151
43   -0.74857315475
44   -0.745097483723
45   -0.75717834853
46   -0.749860853329
47   -0.751437650301
48   -0.748240246929
49   -0.750925941549
50   -0.746560517599
51   -0.749314390737
52   -0.755446123109
53   -0.747961848501
54   -0.746377379822
55   -0.756549948594
56   -0.752847165898
57   -0.753802577473
58   -0.758700035337
59   -0.754883159711
60   -0.768096161002
61   -0.76101542987
62   -0.773347063132
63   -0.782032439877
0    0.788541908688
1    0.773567508635
2    0.75437837963
3    0.75514639215
4    0.749900028393
5    0.758918251303
6    0.739746331776
7    0.742466221617
8    0.76606641518
9    0.746045769368
10   0.751990773208
11   0.753046971664
12   0.747587043372
13   0.745902389914
14   0.752073381578
15   0.747033375551
16   0.750486445029
17   0.743217808736
18   0.749876938521
19   0.756367249897
20   0.739647336814
21   0.749745822993
22   0.746784955415
23   0.750177628286
24   0.75100917834
25   0.753074704027
26   0.750754091612
27   0.744492377325
28   0.739761009505
29   0.713323592347
30   0.599127764251
31   0.279226102936
32   -0.242963869425
33   -0.589992859292
34   -0.709021248787
35   -0.753329726774
36   -0.748846492868
37   -0.751853286559
38   -0.754901292378
39   -0.746076372432
40   -0.742764993645
41   -0.749771532161
42   -0.752052539765
43   -0.748731868272
44   -0.745496863132
45   -0.757886883636
46   -0.747578791669
47   -0.753392207745
48   -0.747279561764
49   -0.747884469896
50   -0.744746588509
51   -0.750324682093
52   -0.753631469362
53   -0.749039853185
54   -0.741754110018
55   -0.759635003306
56   -0.745580778203
57   -0.755742603756
58   -0.758398922898
59   -0.751117809542
60   -0.766483084678
61   -0.760955149817
62   -0.77639136618
63   -0.78585790836
0    0.789727562761
1    0.766089245077
2    0.755265150529
3    0.753462202992
4    0.757066754372
5    0.756273244309
6    0.743915011379
7    0.751149465184
8    0.764783002602
9    0.748683198257
10   0.751930976225
11   0.753986636512
12   0.747801065671
13   0.744587836573
14   0.751104130048
15   0.74688889495
16   0.749832784696
17   0.743741067936
18   0.75309985336
19   0.758067783875
20   0.743914104912
21   0.750780424705
22   0.750288421492
23   0.750053984789
24   0.755617197442
25   0.752557879943
26   0.752809474792
27   0.745345412239
28   0.738262314519
29   0.711497420288
30   0.598898032149
31   0.274202791404
32   -0.250270810357
33   -0.593489020612
34   -0.710358120039
35   -0.75270664998
36   -0.748270478069
37   -0.752758273525
38   -0.753404299245
39   -0.745938564039
40   -0.742055196017
41   -0.752247532794
42   -0.753237689982
43   -0.75018603463
44   -0.743146586563
45   -0.757908186874
46   -0.746376499735
47   -0.752249745968
48   -0.745321832427
49   -0.752554009182
50   -0.744860380568
51   -0.749212509914
52   -0.755058857533
53   -0.750458614736
54   -0.744503419433
55   -0.755806504851
56   -0.748029724981
57   -0.757357945764
58   -0.756963903642
59   -0.754277489361
60   -0.771524417108
61   -0.760246669115
62   -0.776591422985
63   -0.784311991427
0    0.78207889278
1    0.771213316751
2    0.755156587998
3    0.75017819129
4    0.752958829289
5    0.761238057568
6    0.738026522806
7    0.745082085926
8    0.76132246671
9    0.748601775465
10   0.754196041347
11   0.751005128067
12   0.746008230362
13   0.744684985029
14   0.751100755142
15   0.746851613533
16   0.752533840337
17   0.74362421988
18   0.752725804066
19   0.756613077501
20   0.740264359352
21   0.751883540737
22   0.749011303261
23   0.748405521546
24   0.75224408392
25   0.753958144195
26   0.751696474606
27   0.742786843858
28   0.739159728975
29   0.714929624029
30   0.59956036604
31   0.280395595694
32   -0.243294664236
33   -0.589477945595
34   -0.709557879282
35   -0.754761692006
36   -0.748265817375
37   -0.751471263842
38   -0.754433878927
39   -0.746175608749
40   -0.742528317578
41   -0.75045053535
42   -0.753964086819
43   -0.749311931857
44   -0.743295980599
45   -0.758883789011
46   -0.747743642351
47   -0.753782944782
48   -0.747591945995
49   -0.750412411628
50   -0.746675836792
51   -0.747241181231
52   -0.753707077552
53   -0.749669037119
54   -0.743403528042
55   -0.756283448924
56   -0.749252920558
57   -0.755025820689
58   -0.754935149355
59   -0.755923212622
60   -0.767481602642
61   -0.759505759607
62   -0.772424936717
63   -0.78256227591
0    0.792214834873
1    0.769281733381
2    0.756958946462
3    0.753570725176
4    0.755679573995
5    0.758286611606
6    0.741724970698
7    0.746466742899
8    0.764089765136
9    0.75181957795
10   0.754995907267
11   0.754605975483
12   0.747234303309
13   0.746813878805
14   0.750165129501
15   0.742410051088
16   0.749941250937
17   0.743426306382
18   0.75022886041
19   0.755150873854
20   0.744830803222
21   0.751965258767
22   0.749707070782
23   0.745490229129
24   0.748583054052
25   0.755417387105
26   0.750981726167
27   0.743666268619
28   0.743175287566
29   0.712601801104
30   0.597347991993
31   0.277422325362
32   -0.246339202258
33   -0.59159842531
34   -0.711482035187
35   -0.753153066652
36   -0.747213497827
37   -0.750241630143
38   -0.752460462578
39   -0.746795508662
40   -0.741388435301
41   -0.750822254685
42   -0.752372110503
43   -0.750896072062
44   -0.743931530622
45   -0.757124335855
46   -0.749925199793
47   -0.751627783873
48   -0.749190949832
49   -0.748950983468
50   -0.744480329289
51   -0.749055106796
52   -0.756352845025
53   -0.749940530002
54   -0.747356264324
55   -0.756521879283
56   -0.749645385909
57   -0.753526108688
58   -0.75316104132
59   -0.754277045827
60   -0.768981251527
61   -0.759839126441
62   -0.778918596334
63   -0.78868598223
0    0.785798300387
1    0.768582986009
2    0.755863545364
3    0.751855887732
4    0.757304360435
5    0.760155028712
6    0.741306426421
7    0.744038283264
8    0.768248745203
9    0.748184069297
10   0.75546476727
11   0.756746763549
12   0.746413283207
13   0.748397738269
14   0.752316446626
15   0.747490853876
16   0.750873935343
17   0.744253179615
18   0.752700533007
19   0.757274509033
20   0.74358976353
21   0.753767763277
22   0.747450546371
23   0.750217375634
24   0.755106840238
25   0.751857461501
26   0.752922222656
27   0.743922263087
28   0.738931436785
29   0.710526673415
30   0.594741636738
31   0.272034981486
32   -0.248554780952
33   -0.594566677888
34   -0.708188433721
35   -0.751753358831
36   -0.748151574191
37   -0.750700647861
38   -0.75668751231
39   -0.746085484919
40   -0.743761977678
41   -0.749807865233
42   -0.755400640489
43   -0.751077765585
44   -0.746284786359
45   -0.757871113172
46   -0.748749448652
47   -0.751361392189
48   -0.746028988836
49   -0.748703576482
50   -0.749163023284
51   -0.752204598185
52   -0.75266711169
53   -0.749815245549
54   -0.743031047086
55   -0.757133486033
56   -0.749222596661
57   -0.756741310841
58   -0.757524988701
59   -0.750409003287
60   -0.759693611178
61   -0.761056192728
62   -0.778138873957
63   -0.787801501201
0    0.784412460791
1    0.770828445558
2    0.757518995963
3    0.75624246675
4    0.751302217086
5    0.764094317982
6    0.744127441968
7    0.747544255994
8    0.765350000972
9    0.748638878917
10   0.756027445085
11   0.751584150662
12   0.748697519863
13   0.74630465968
14   0.750177515685
15   0.747222445288
16   0.748166806822
17   0.746581564205
18   0.750175151062
19   0.753970707836
20   0.740338617553
21   0.750042385389
22   0.746495901527
23   0.750069187682
24   0.752320716311
25   0.75519624998
26   0.751827109809
27   0.744836689846
28   0.741118279987
29   0.713345906279
30   0.599492031594
31   0.2776975199
32   -0.246751975254
33   -0.589568546883
34   -0.711008567558
35   -0.754371903151
36   -0.745622173035
37   -0.752530858903
38   -0.756408276477
39   -0.749336331778
40   -0.742444345171
41   -0.751179899795
42   -0.75287513225
43   -0.747059617236
44   -0.745433868647
45   -0.754486478969
46   -0.749692751961
47   -0.750102047724
48   -0.747531777383
49   -0.748982433621
50   -0.748057368021
51   -0.753414808207
52   -0.75690748845
53   -0.750554625562
54   -0.745621042349
55   -0.755896937906
56   -0.751850695012
57   -0.755230780878
58   -0.762450210335
59   -0.755816594871
60   -0.765123405989
61   -0.761024998467
62   -0.774888398298
63   -0.779523330487
