0    0.820469738567
1    0.774684242497
2    0.757530844291
3    0.762101411596
4    0.754282616928
5    0.769547599895
6    0.732451873131
7    0.747545046279
8    0.777496053025
9    0.747277329807
10   0.754585236134
11   0.748565121767
12   0.746516583294
13   0.741147481362
14   0.756081736542
15   0.741413776731
16   0.743454420193
17   0.73680872951
18   0.751563348547
19   0.760023358526
20   0.739760326825
21   0.756026549531
22   0.748057358054
23   0.745092384906
24   0.749816564434
25   0.751376672368
26   0.752506317648
27   0.741060215576
28   0.743109744729
29   0.712403146983
30   0.604914788798
31   0.27175095662
32   -0.248607514454
33   -0.589366075615
34   -0.705517733364
35   -0.763950068516
36   -0.747501505633
37   -0.750276465684
38   -0.75766713701
39   -0.740188935362
40   -0.740312519633
41   -0.751967068425
42   -0.757536240313
43   -0.756041838229
44   -0.737188118528
45   -0.762455831961
46   -0.743495416313
47   -0.754321463534
48   -0.741866560758
49   -0.745809570473
50   -0.744447640079
51   -0.754282875143
52   -0.752458375431
53   -0.743023591363
54   -0.745602009329
55   -0.764394365175
56   -0.747174364867
57   -0.757201987936
58   -0.756767480712
59   -0.749421263275
60   -0.771990150792
61   -0.762039661577
62   -0.777645880772
63   -0.818901772488
0    0.810203040131
1    0.779245066825
2    0.757428005068
3    0.758320788643
4    0.746770267436
5    0.764058783021
6    0.736146064191
7    0.751116504607
8    0.770883152615
9    0.748981203266
10   0.759311526526
11   0.749807665706
12   0.754093419389
13   0.741161797677
14   0.749390913806
15   0.736021587094
16   0.752493960276
17   0.740049855233
18   0.758432916862
19   0.760692789956
20   0.732927640134
21   0.751882753874
22   0.741818877738
23   0.746579191064
24   0.754736567446
25   0.753452102086
26   0.749307970836
27   0.74510358917
28   0.746256504373
29   0.713699941901
30   0.600670473712
31   0.280688160458
32   -0.241530221193
33   -0.588088786876
34   -0.705207177813
35   -0.765183425383
36   -0.750325944334
37   -0.752789464041
38   -0.757082017374
39   -0.746450178259
40   -0.741569347807
41   -0.75291505842
42   -0.756042726864
43   -0.749048866655
44   -0.744843809932
45   -0.76711384467
46   -0.745147585785
47   -0.751270926148
48   -0.742006563019
49   -0.746370402012
50   -0.746435467266
51   -0.751692686525
52   -0.756456852956
53   -0.747691962294
54   -0.743788060875
55   -0.754623125261
56   -0.744756316502
57   -0.75522450208
58   -0.758676233209
59   -0.747547826188
60   -0.772741339718
61   -0.76512276546
62   -0.785966142772
63   -0.808023569825
0    0.817674693957
1    0.778291737119
2    0.754399459649
3    0.756718349768
4    0.754709889959
5    0.764863007569
6    0.732924776126
7    0.746054475502
8    0.773194656594
9    0.745249572655
10   0.762013396077
11   0.752617414798
12   0.747366651873
13   0.74927269545
14   0.748569745846
15   0.738373865993
16   0.751290069777
17   0.738679173087
18   0.755461519056
19   0.762683943519
20   0.732276955815
21   0.751020879038
22   0.746182910445
23   0.746598063034
24   0.755745305935
25   0.750470910774
26   0.751607426029
27   0.744373238648
28   0.744249328426
29   0.711297727178
30   0.599578627041
31   0.279098419452
32   -0.241727702285
33   -0.590530738052
34   -0.704681197171
35   -0.76173352032
36   -0.74531392003
37   -0.753225347315
38   -0.756851648168
39   -0.744917940556
40   -0.738021821823
41   -0.753240538312
42   -0.754775004552
43   -0.751222095575
44   -0.750958085397
45   -0.759466015272
46   -0.746789974387
47   -0.75278351689
48   -0.747879873959
49   -0.744947192594
50   -0.739876294118
51   -0.756024446543
52   -0.758977938457
53   -0.747753462493
54   -0.743240331219
55   -0.763544083744
56   -0.749822625921
57   -0.750459624664
58   -0.755658275791
59   -0.751154191563
60   -0.766321913651
61   -0.767165960633
62   -0.777767760273
63   -0.81607542731
0    0.819949222474
1    0.782161670098
2    0.74935214784
3    0.750914330134
4    0.756773610475
5    0.764356460347
6    0.738110292784
7    0.741330510245
8    0.774692922587
9    0.752025166093
10   0.759425998136
11   0.753768997448
12   0.745812823861
13   0.737871957328
14   0.749593959813
15   0.738331708063
16   0.747165186005
17   0.739696607945
18   0.757040362638
19   0.764586902333
20   0.733976804446
21   0.748828096386
22   0.744027406944
23   0.746958709137
24   0.75170040965
25   0.746875112285
26   0.748352616629
27   0.746046447771
28   0.744278665049
29   0.712234277489
30   0.604516411189
31   0.286996294538
32   -0.233922358037
33   -0.589186422067
34   -0.702536475
35   -0.76299578305
36   -0.741912871362
37   -0.749219066288
38   -0.757635603262
39   -0.74595835751
40   -0.742271663456
41   -0.757737646508
42   -0.75979153221
43   -0.748269533332
44   -0.744158565895
45   -0.764814078198
46   -0.748229540286
47   -0.747867660202
48   -0.744836591748
49   -0.747927030536
50   -0.743308577341
51   -0.752797941956
52   -0.759468817706
53   -0.744697573416
54   -0.745409312549
55   -0.760943668314
56   -0.752865135138
57   -0.750889757275
58   -0.756978897404
59   -0.752021561882
60   -0.772586191004
61   -0.767102484778
62   -0.778685998734
63   -0.810725174909
0    0.822981893539
1    0.781512027605
2    0.750262863579
3    0.760103410714
4    0.745843245554
5    0.765930976631
6    0.73159854662
7    0.740932143792
8    0.776695239497
9    0.74190743978
10   0.754064369294
11   0.751113017247
12   0.749568609484
13   0.742476887987
14   0.753106926495
15   0.741275980003
16   0.749393731042
17   0.739999577728
18   0.755129473535
19   0.764030465195
20   0.73160428223
21   0.750486219896
22   0.743335838028
23   0.748176961256
24   0.753119949916
25   0.750531470492
26   0.75237801822
27   0.743734948202
28   0.745389877781
29   0.713664789234
30   0.600624118505
31   0.278156249938
32   -0.241213740798
33   -0.588491642898
34   -0.704553015866
35   -0.764304952445
36   -0.747610135755
37   -0.749202108062
38   -0.758573775972
39   -0.739363536771
40   -0.74304714913
41   -0.751349514896
42   -0.754347570153
43   -0.750198592257
44   -0.743596340174
45   -0.766907910499
46   -0.742590941413
47   -0.752517512948
48   -0.745537437953
49   -0.743805554554
50   -0.740906286944
51   -0.754175355084
52   -0.758888372146
53   -0.747730171287
54   -0.739076489984
55   -0.764790514288
56   -0.743454861581
57   -0.754705083967
58   -0.75722505596
59   -0.745458362541
60   -0.771370166066
61   -0.765541182384
62   -0.785112749626
63   -0.813483307131
0    0.822684517129
1    0.772064359528
2    0.74868015348
3    0.759884199638
4    0.757541127632
5    0.760014327166
6    0.736484928815
7    0.755717983473
8    0.773329995183
9    0.746128531114
10   0.753658140378
11   0.750322084882
12   0.750586286256
13   0.741221674015
14   0.752394758747
15   0.739029250144
16   0.748610797708
17   0.740784732979
18   0.760394688615
19   0.764695777689
20   0.736563577397
21   0.750661132499
22   0.748004660405
23   0.746429784812
24   0.758852615975
25   0.747520208459
26   0.756661407909
27   0.745872422368
28   0.741802299869
29   0.711944302746
30   0.599271221813
31   0.272492230982
32   -0.248618825771
33   -0.59212251387
34   -0.705134606068
35   -0.76384495849
36   -0.744717154061
37   -0.750344310119
38   -0.757607884901
39   -0.740787317735
40   -0.740249288563
41   -0.755232112749
42   -0.755492178748
43   -0.752535602769
44   -0.740058994663
45   -0.768450141771
46   -0.741598126672
47   -0.752787819081
48   -0.741041902847
49   -0.75027387822
50   -0.740233543898
51   -0.749447431448
52   -0.760968864007
53   -0.750007279086
54   -0.74342577852
55   -0.75934424439
56   -0.747707132411
57   -0.754191700936
58   -0.753731141659
59   -0.752449584163
60   -0.778666845284
61   -0.763616351942
62   -0.783851775487
63   -0.811764455429
0    0.813034878353
1    0.776424247024
2    0.751550192392
3    0.755616861472
4    0.750819810516
5    0.76845783846
6    0.729212089495
7    0.743359646283
8    0.772829591201
9    0.74699169408
10   0.758627994464
11   0.745554711153
12   0.747092336616
13   0.742613044418
14   0.752674250429
15   0.740255716385
16   0.752714684879
17   0.740313600092
18   0.760260486145
19   0.763755685118
20   0.731241841732
21   0.75272176074
22   0.745599732977
23   0.744367689067
24   0.754428612135
25   0.751183324577
26   0.753236704044
27   0.741588125427
28   0.744344357839
29   0.717057334608
30   0.601018886252
31   0.279399928251
32   -0.243285693632
33   -0.587094096155
34   -0.704609628255
35   -0.765180286606
36   -0.748007308862
37   -0.748684862754
38   -0.757243485342
39   -0.740562546451
40   -0.74246463316
41   -0.751190953907
42   -0.756490191121
43   -0.75045104031
44   -0.741912808778
45   -0.768900429052
46   -0.743001161878
47   -0.754034208998
48   -0.744070254338
49   -0.747602268171
50   -0.742979923248
51   -0.750836904065
52   -0.755854925182
53   -0.748325463297
54   -0.740737558669
55   -0.762941646993
56   -0.749168003356
57   -0.75371385344
58   -0.75240910738
59   -0.751715248609
60   -0.773873608378
61   -0.763091918525
62   -0.778294432311
63   -0.809618999192
0    0.829273563464
1    0.774572493349
2    0.753030242052
3    0.755890080133
4    0.754232152798
5    0.763577381986
6    0.734568742008
7    0.746677276222
8    0.773088353444
9    0.752674025788
10   0.757199149844
11   0.749777364381
12   0.746848111268
13   0.745180770691
14   0.749517456197
15   0.734240668374
16   0.748530158526
17   0.740265837746
18   0.75550990515
19   0.762827939101
20   0.739318421115
21   0.753522806284
22   0.747765172723
23   0.739838945775
24   0.749155928427
25   0.755298422753
26   0.752355659631
27   0.741478976479
28   0.750936720972
29   0.713590041915
30   0.597469536179
31   0.275777980318
32   -0.244298435593
33   -0.590325490425
34   -0.707808213549
35   -0.763876112896
36   -0.744700460282
37   -0.748747369236
38   -0.755395438983
39   -0.743062812845
40   -0.739853123204
41   -0.753090727194
42   -0.752225907179
43   -0.753078386341
44   -0.743073088376
45   -0.763870995063
46   -0.746915949622
47   -0.751180405123
48   -0.748835653696
49   -0.744857304937
50   -0.738431730981
51   -0.750998756107
52   -0.761400287243
53   -0.746852236748
54   -0.747357396974
55   -0.758458921799
56   -0.751436323473
57   -0.751609141728
58   -0.750685432264
59   -0.75081543522
60   -0.775074762971
61   -0.763573502026
62   -0.784169922036
63   -0.817930813291
0    0.817825718522
1    0.774547878289
2    0.752733666043
3    0.757239289941
4    0.758620178692
5    0.766224108151
6    0.731009553747
7    0.743802829821
8    0.780863600776
9    0.745350277521
10   0.758788762507
11   0.751835091269
12   0.744742160069
13   0.748420523923
14   0.752598543756
15   0.742246514475
16   0.749133723116
17   0.741816266175
18   0.757725986175
19   0.765289666598
20   0.735827760256
21   0.755141574295
22   0.74319184269
23   0.745895604888
24   0.758954527485
25   0.747354456663
26   0.756799673676
27   0.742896757545
28   0.742970253456
29   0.713160370065
30   0.595222353739
31   0.26934409138
32   -0.247709284841
33   -0.59611329036
34   -0.702419036056
35   -0.761340685909
36   -0.744465459017
37   -0.747289754874
38   -0.761783824482
39   -0.739961487757
40   -0.743540799447
41   -0.750669017357
42   -0.757293881903
43   -0.752987448442
44   -0.745080469683
45   -0.766542480154
46   -0.746180071158
47   -0.74985946551
48   -0.741073355359
49   -0.744611536086
50   -0.746225702004
51   -0.757101079532
52   -0.754391484039
53   -0.747749811403
54   -0.740564921412
55   -0.763414525695
56   -0.749968793721
57   -0.756137117031
58   -0.755513875115
59   -0.74505542002
60   -0.764117128547
61   -0.764056149361
62   -0.785083605652
63   -0.819272785631
0    0.815955195465
1    0.779580573188
2    0.754100373341
3    0.761375357989
4    0.746870367389
5    0.773067773786
6    0.734708380865
7    0.750747114351
8    0.773901406203
9    0.746096309117
10   0.760287015969
11   0.745540570714
12   0.749199774014
13   0.744168110198
14   0.748501510315
15   0.740755862011
16   0.746055945362
17   0.747611766642
18   0.754651936831
19   0.759555404449
20   0.732157155335
21   0.751637334642
22   0.743678622226
23   0.747901401072
24   0.754342273459
25   0.755143927204
26   0.754809534584
27   0.743659468404
28   0.746830712737
29   0.713440764142
30   0.599520177573
31   0.275592483961
32   -0.245934984112
33   -0.586775721019
34   -0.707592245124
35   -0.763403079863
36   -0.742212189711
37   -0.749277697314
38   -0.76120114079
39   -0.746027354959
40   -0.74013021007
41   -0.755122968611
42   -0.756648578461
43   -0.747781412656
44   -0.744086310404
45   -0.761120625672
46   -0.745247609064
47   -0.74757935812
48   -0.743343924271
49   -0.744978454302
50   -0.744600428961
51   -0.759640927641
52   -0.760120660468
53   -0.750248698126
54   -0.742485735611
55   -0.760549549983
56   -0.750969326515
57   -0.749810577651
58   -0.765584308947
59   -0.753284466908
60   -0.772374997686
61   -0.767265643186
62   -0.781135271763
63   -0.804910110033
