0    0.81998492606
1    0.774882107848
2    0.75770240576
3    0.761897996107
4    0.754487811491
5    0.769370437047
6    0.732782481858
7    0.747547078437
8    0.777028861853
9    0.747418141121
10   0.754452942598
11   0.748868573901
12   0.746404580195
13   0.741295406742
14   0.756037520011
15   0.741656266492
16   0.743619686218
17   0.736991527302
18   0.751395004162
19   0.759742567747
20   0.740015730505
21   0.755906090223
22   0.748149656879
23   0.745290195277
24   0.7497594535
25   0.751524891606
26   0.752429362436
27   0.741148049473
28   0.742862389548
29   0.712418231582
30   0.604633310251
31   0.271904832359
32   -0.248660632895
33   -0.589492991504
34   -0.705743515357
35   -0.763502260111
36   -0.747559910164
37   -0.750383567327
38   -0.757459261476
39   -0.740516423331
40   -0.74031995517
41   -0.751833249649
42   -0.757336082239
43   -0.755911725282
44   -0.737313201362
45   -0.762123890804
46   -0.7436889985
47   -0.754386984837
48   -0.742126365941
49   -0.74603307354
50   -0.744562276614
51   -0.754041810613
52   -0.752386339909
53   -0.74317422027
54   -0.74563907066
55   -0.764100875599
56   -0.747159957781
57   -0.757315617396
58   -0.756908187268
59   -0.749600607817
60   -0.771824156304
61   -0.762050836388
62   -0.777800648879
63   -0.81865130829
0    0.809805095522
1    0.779387353641
2    0.757717045799
3    0.758238471379
4    0.746989773753
5    0.763883421708
6    0.736357753869
7    0.750889800901
8    0.770628673205
9    0.7490309185
10   0.759124059332
11   0.749993283525
12   0.753890948469
13   0.741380380092
14   0.749493681422
15   0.73637670556
16   0.752481715093
17   0.740139597708
18   0.758156929282
19   0.760468804351
20   0.733377187756
21   0.751808223847
22   0.741951150205
23   0.746790152649
24   0.754590953511
25   0.753520225108
26   0.749298391382
27   0.745078124751
28   0.746026434694
29   0.713685460553
30   0.600499687627
31   0.28077639034
32   -0.241593438221
33   -0.588219190126
34   -0.705471689994
35   -0.764711822538
36   -0.750301141592
37   -0.752911514987
38   -0.756921210772
39   -0.746699417872
40   -0.741564155187
41   -0.752730436968
42   -0.755963387616
43   -0.749054476477
44   -0.744890133082
45   -0.76662818006
46   -0.74531140817
47   -0.751360254996
48   -0.742298459099
49   -0.746548634316
50   -0.746531092584
51   -0.751486112288
52   -0.756355638748
53   -0.747774550945
54   -0.743642856339
55   -0.754562785635
56   -0.744781170385
57   -0.755388271097
58   -0.758708499866
59   -0.747785252717
60   -0.772601485377
61   -0.765086832437
62   -0.786048291027
63   -0.807905166708
0    0.817282870947
1    0.77839354775
2    0.75465440299
3    0.756613860651
4    0.754880254947
5    0.764645836337
6    0.733194186133
7    0.746070530772
8    0.772791172893
9    0.745412392657
10   0.76177779683
11   0.752846647056
12   0.747392509743
13   0.749277992473
14   0.748709473173
15   0.738630421343
16   0.751326511262
17   0.738838966466
18   0.755138212988
19   0.762371752167
20   0.732703306152
21   0.750962261669
22   0.746241808629
23   0.746768685641
24   0.755609134121
25   0.750589775454
26   0.751476874577
27   0.744379694244
28   0.743992964485
29   0.711396408183
30   0.599414986105
31   0.279227004597
32   -0.241782961472
33   -0.590579582005
34   -0.704894487242
35   -0.761324095163
36   -0.745472368295
37   -0.75325389392
38   -0.756718444524
39   -0.74515599916
40   -0.738068391114
41   -0.753138889622
42   -0.754667051249
43   -0.751214389027
44   -0.750796618787
45   -0.759253881129
46   -0.746942241013
47   -0.752944292221
48   -0.747963422578
49   -0.745143818625
50   -0.740097162992
51   -0.75576614579
52   -0.758775836796
53   -0.74789284337
54   -0.74327241697
55   -0.763300456887
56   -0.74967319979
57   -0.750669585561
58   -0.755741778844
59   -0.751436133927
60   -0.766208089839
61   -0.767125525598
62   -0.77790658738
63   -0.815831262835
0    0.819440412883
1    0.782268757857
2    0.749764860593
3    0.750881811892
4    0.756838263864
5    0.764146840784
6    0.738324187813
7    0.741400486365
8    0.774355662183
9    0.752032359226
10   0.759271023197
11   0.753937054871
12   0.745814972636
13   0.738100035612
14   0.749623252726
15   0.738593400323
16   0.747260842181
17   0.739814257133
18   0.756643172404
19   0.764252211194
20   0.734297757261
21   0.748845572951
22   0.744152704044
23   0.747139096369
24   0.751635760527
25   0.747037216033
26   0.748311666978
27   0.74599624472
28   0.744033071709
29   0.712238838743
30   0.604292473879
31   0.287124047112
32   -0.233947889549
33   -0.589162785845
34   -0.702831697512
35   -0.762547123919
36   -0.742084927779
37   -0.749374729757
38   -0.757520920353
39   -0.746207160294
40   -0.742285436827
41   -0.757494540059
42   -0.759615128373
43   -0.748308394248
44   -0.744140501533
45   -0.764458949564
46   -0.748278728809
47   -0.748092379439
48   -0.745037527787
49   -0.748062846346
50   -0.743474041821
51   -0.752591771852
52   -0.759339149697
53   -0.744895405772
54   -0.745380360994
55   -0.760740403752
56   -0.752839636629
57   -0.751038923215
58   -0.757118362868
59   -0.752186324662
60   -0.772485976698
61   -0.766982604063
62   -0.778843135795
63   -0.810500276043
0    0.822431887137
1    0.781626604791
2    0.750604069781
3    0.760004292227
4    0.746047917642
5    0.765692861781
6    0.731909025253
7    0.740972373963
8    0.776334521477
9    0.74211121623
10   0.753926061323
11   0.751230455844
12   0.749422128333
13   0.742665913502
14   0.753113662769
15   0.741431383354
16   0.749474751339
17   0.740112072989
18   0.754844615199
19   0.763725359165
20   0.731998927922
21   0.750428246614
22   0.743468250085
23   0.748322496801
24   0.753015084109
25   0.750677226524
26   0.752292625941
27   0.743772685965
28   0.745121583635
29   0.713706014661
30   0.60045142808
31   0.278266725394
32   -0.241315176616
33   -0.588592892297
34   -0.704709416147
35   -0.763802546556
36   -0.747676477682
37   -0.749367037433
38   -0.758384734925
39   -0.739764129398
40   -0.742986125633
41   -0.751219442495
42   -0.754240613375
43   -0.750163380818
44   -0.743619535296
45   -0.766472309203
46   -0.742790487106
47   -0.752629662463
48   -0.74565760184
49   -0.744012115971
50   -0.741088425402
51   -0.753965923742
52   -0.758675214949
53   -0.747870933978
54   -0.739093589398
55   -0.764586082261
56   -0.743483882806
57   -0.754769489333
58   -0.757358263551
59   -0.745743854869
60   -0.771232050033
61   -0.76548601129
62   -0.785103862584
63   -0.813341401758
0    0.822216912857
1    0.772242697953
2    0.749147587404
3    0.759657913597
4    0.757634231762
5    0.759872713705
6    0.736780656477
7    0.75550609707
8    0.773039709932
9    0.746268373854
10   0.753543679901
11   0.750528206214
12   0.750360925848
13   0.741418093222
14   0.75237768116
15   0.739284612921
16   0.74870484974
17   0.740902026926
18   0.760028933398
19   0.764442382787
20   0.73692614841
21   0.750637835096
22   0.74806830347
23   0.746664507616
24   0.758699785055
25   0.747766075706
26   0.756446923905
27   0.745853875965
28   0.741620833718
29   0.711972496801
30   0.59916862327
31   0.272658063908
32   -0.248701371682
33   -0.592213139559
34   -0.705344252034
35   -0.763322770894
36   -0.744915806321
37   -0.750496613974
38   -0.757362649026
39   -0.741117002829
40   -0.740291400511
41   -0.755045414386
42   -0.755386939018
43   -0.752490568576
44   -0.740122338645
45   -0.767927985336
46   -0.741812555291
47   -0.752799144054
48   -0.741280979259
49   -0.750397957815
50   -0.740439681173
51   -0.749426055468
52   -0.760723950505
53   -0.750089743699
54   -0.743414559203
55   -0.759199565212
56   -0.747643683826
57   -0.754374057663
58   -0.75393463317
59   -0.75261416446
60   -0.778398281144
61   -0.763618974161
62   -0.783930813118
63   -0.811604609354
0    0.812640069163
1    0.77665335068
2    0.751902874904
3    0.7554327327
4    0.751028866935
5    0.768169784817
6    0.729564461396
7    0.743421091636
8    0.7724021732
9    0.747081267563
10   0.758399078694
11   0.745833972125
12   0.746979833181
13   0.742730577894
14   0.75267593523
15   0.740445503291
16   0.752735126118
17   0.740431972643
18   0.759880296666
19   0.763442939289
20   0.731670009977
21   0.75269267077
22   0.745744399944
23   0.744589195358
24   0.754327808198
25   0.751329547992
26   0.753149251993
27   0.741637528162
28   0.744098214196
29   0.717040224722
30   0.600830379417
31   0.279523607121
32   -0.243291243233
33   -0.587231446826
34   -0.704801133317
35   -0.76472328336
36   -0.748000949324
37   -0.74885493742
38   -0.757085321456
39   -0.740937797713
40   -0.742431759311
41   -0.751077449787
42   -0.756352273583
43   -0.750454827516
44   -0.741902983242
45   -0.76840830524
46   -0.743241145883
47   -0.754052389624
48   -0.744308801271
49   -0.74776026111
50   -0.74316118659
51   -0.750596542449
52   -0.755789244173
53   -0.748434308953
54   -0.740795006857
55   -0.762689924065
56   -0.749104903261
57   -0.753787124613
58   -0.752557298336
59   -0.751986033329
60   -0.773668474056
61   -0.763101059547
62   -0.778420480231
63   -0.809477038468
0    0.828613537963
1    0.774802021592
2    0.753378811347
3    0.755881459209
4    0.754385892241
5    0.763400602764
6    0.734831992443
7    0.746631511879
8    0.772811207839
9    0.75262078459
10   0.757071003823
11   0.750043286318
12   0.746786989119
13   0.745256814692
14   0.749606691069
15   0.734527109616
16   0.748618353773
17   0.740397974661
18   0.755230644831
19   0.762490767847
20   0.739587024734
21   0.753448286162
22   0.74783357138
23   0.740138232864
24   0.749134850301
25   0.755317915057
26   0.752281277207
27   0.741565524282
28   0.750569402871
29   0.713611649136
30   0.59735953703
31   0.275942816985
32   -0.244412970782
33   -0.590407670476
34   -0.707947096633
35   -0.763396493774
36   -0.744813933266
37   -0.748843152878
38   -0.755258560275
39   -0.743346431193
40   -0.739858182037
41   -0.752906516237
42   -0.752244624059
43   -0.753018519542
44   -0.743017451398
45   -0.763567874114
46   -0.747044582749
47   -0.75126201897
48   -0.748890859075
49   -0.745047635289
50   -0.738726515492
51   -0.750853132292
52   -0.761202799649
53   -0.747033574377
54   -0.747293278443
55   -0.75839981363
56   -0.751296763728
57   -0.751748555473
58   -0.750830715939
59   -0.751042460019
60   -0.774849913566
61   -0.763580345099
62   -0.784348752557
63   -0.817686262941
0    0.817393106427
1    0.774742804173
2    0.753037540239
3    0.75708509398
4    0.758664839424
5    0.766014990592
6    0.731424512559
7    0.74376350664
8    0.780406720495
9    0.745493849283
10   0.758598740833
11   0.752084395511
12   0.74475551931
13   0.748436879642
14   0.752653358656
15   0.742378389946
16   0.74923775694
17   0.741899492225
18   0.757471265899
19   0.764948442699
20   0.736215148003
21   0.755050030648
22   0.743368035724
23   0.746160186801
24   0.758791218485
25   0.74752732117
26   0.756618000149
27   0.742934073274
28   0.742786503549
29   0.713065018166
30   0.595109937556
31   0.269555332062
32   -0.247745326826
33   -0.596081808892
34   -0.702650437651
35   -0.760896914444
36   -0.744650255106
37   -0.747488793029
38   -0.761525372258
39   -0.74033926283
40   -0.743523561136
41   -0.750548881065
42   -0.757177903708
43   -0.75293549668
44   -0.745095976932
45   -0.766136852343
46   -0.74626291217
47   -0.74996759502
48   -0.741372109746
49   -0.744804832358
50   -0.746368767577
51   -0.756821474115
52   -0.754341360265
53   -0.747900020689
54   -0.740622922206
55   -0.763152263598
56   -0.74986848637
57   -0.756203328767
58   -0.755682133095
59   -0.745350154299
60   -0.763938424622
61   -0.764084302983
62   -0.785190710664
63   -0.818943477557
0    0.815540020821
1    0.7796414728
2    0.754453278959
3    0.761233825788
4    0.747155021293
5    0.77269913908
6    0.735101689366
7    0.750572667014
8    0.77364450413
9    0.746194328598
10   0.760074980656
11   0.745826621175
12   0.749127749014
13   0.744268584221
14   0.748655794927
15   0.740935325898
16   0.746166178658
17   0.747536014416
18   0.754428275765
19   0.759319336896
20   0.732560063547
21   0.751545919415
22   0.74379399074
23   0.748049233544
24   0.754243030837
25   0.75514639215
26   0.754676373956
27   0.743719308712
28   0.746566195188
29   0.713486787991
30   0.599418062802
31   0.275767394379
32   -0.245997489253
33   -0.58693821903
34   -0.707709567465
35   -0.763025888312
36   -0.742355120474
37   -0.749452160709
38   -0.760956489334
39   -0.746284409214
40   -0.740211301858
41   -0.754867563345
42   -0.756443518002
43   -0.74776309388
44   -0.744098415344
45   -0.760804880128
46   -0.745455536292
47   -0.74772696092
48   -0.743590447445
49   -0.745160582595
50   -0.744760019441
51   -0.759306225871
52   -0.760029271111
53   -0.750308588661
54   -0.74256952362
55   -0.760347704209
56   -0.750935414088
57   -0.750107095573
58   -0.765506644026
59   -0.753477737674
60   -0.77212217929
61   -0.767134190111
62   -0.781256665993
63   -0.80484452587
