0    0.823468290271
1    0.768330021441
2    0.753365566812
3    0.764947444149
4    0.750088444349
5    0.771887311487
6    0.728541262572
7    0.74770026868
8    0.78371332132
9    0.744936304372
10   0.756832671175
11   0.743075610858
12   0.749572890918
13   0.739068076776
14   0.755618877293
15   0.738607981073
16   0.740883956372
17   0.733950711775
18   0.754604181826
19   0.764278191233
20   0.735237367776
21   0.758167094482
22   0.746998810552
23   0.741014647992
24   0.751155989674
25   0.748685340873
26   0.754016137543
27   0.739583952134
28   0.74693080664
29   0.711281689131
30   0.61085440123
31   0.268298157003
32   -0.247686911974
33   -0.586694374744
34   -0.70300209489
35   -0.770798684181
36   -0.746238775689
37   -0.747450844981
38   -0.761297359117
39   -0.734129770339
40   -0.741093177828
41   -0.75479053608
42   -0.761404690481
43   -0.757205038223
44   -0.73604801981
45   -0.767894520597
46   -0.740435994198
47   -0.752705511255
48   -0.737007810006
49   -0.741857486635
50   -0.742663276823
51   -0.758666814342
52   -0.753116295395
53   -0.740025887473
54   -0.745998448344
55   -0.768859666653
56   -0.747931248923
57   -0.755234142271
58   -0.754037629718
59   -0.746342868425
60   -0.774695278086
61   -0.761235594565
62   -0.772372933077
63   -0.816773812006
0    0.811891481619
1    0.773600397436
2    0.751208184066
3    0.75973888728
4    0.742309390148
5    0.766249593789
6    0.733687458156
7    0.755667367758
8    0.772924694933
9    0.748508841628
10   0.762239038542
11   0.746785633317
12   0.758300237885
13   0.737654658964
14   0.746699762132
15   0.731247349883
16   0.752338019587
17   0.739197525944
18   0.76318177992
19   0.763908967068
20   0.725375339162
21   0.753675083904
22   0.740198170518
23   0.742139594057
24   0.757394691834
25   0.752095521709
26   0.749603874433
27   0.74552948447
28   0.749597001809
29   0.71334286881
30   0.604860947423
31   0.278363381407
32   -0.240698451
33   -0.585487176716
34   -0.701774931432
35   -0.772444551696
36   -0.750627097432
37   -0.749916935457
38   -0.760165211028
39   -0.741240514232
40   -0.742447538624
41   -0.756846375584
42   -0.757640752858
43   -0.748258889357
44   -0.744401525639
45   -0.77536100808
46   -0.742454990052
47   -0.749373090405
48   -0.736438945777
49   -0.743397511096
50   -0.744986740701
51   -0.755762401872
52   -0.757331061322
53   -0.745567461868
54   -0.747269368757
55   -0.755326807001
56   -0.745005008688
57   -0.752031424124
58   -0.757818144041
59   -0.743662792501
60   -0.775439377436
61   -0.764829062059
62   -0.781956027467
63   -0.803554112956
0    0.819116337244
1    0.773386655901
2    0.749408493226
3    0.758264384736
4    0.750471023341
5    0.767846579431
6    0.729909814812
7    0.745994774773
8    0.778300933343
9    0.743052589682
10   0.765689868356
11   0.748587339707
12   0.747857272794
13   0.749454356027
14   0.745039983498
15   0.735618586148
16   0.750390646611
17   0.73626276167
18   0.761236387131
19   0.767208268304
20   0.725358486438
21   0.752294311385
22   0.745665791484
23   0.742968665639
24   0.758185413921
25   0.74842187751
26   0.754067509886
27   0.744205378516
28   0.748372470401
29   0.708534102295
30   0.603870843237
31   0.275828284619
32   -0.241052390284
33   -0.588937625121
34   -0.702158457495
35   -0.767928627665
36   -0.742523558327
37   -0.752155342635
38   -0.759473148755
39   -0.739796853217
40   -0.738113528615
41   -0.755285579333
42   -0.757389025841
43   -0.750672237183
44   -0.754154954822
45   -0.763354228734
46   -0.744250209926
47   -0.749390240689
48   -0.745758744164
49   -0.741581672567
50   -0.736539222191
51   -0.7606978682
52   -0.761947266635
53   -0.744834897052
54   -0.743716396416
55   -0.766740640255
56   -0.752948215437
57   -0.746839469504
58   -0.754268555363
59   -0.746023081754
60   -0.768539861647
61   -0.766800051031
62   -0.772820020415
63   -0.814178066861
0    0.823323871779
1    0.777316238207
2    0.741365612515
3    0.751167463675
4    0.754835312792
5    0.76754883276
6    0.735769730536
7    0.740801441388
8    0.778222543763
9    0.752230824348
10   0.76157420417
11   0.750780199639
12   0.746937358713
13   0.734354499698
14   0.748200880179
15   0.735250968893
16   0.745419633515
17   0.737993240813
18   0.763877312938
19   0.769503201679
20   0.72901693816
21   0.748672597881
22   0.742475980215
23   0.74314852665
24   0.752647517867
25   0.744099120497
26   0.749311577196
27   0.746710044465
28   0.748253905942
29   0.711300536736
30   0.609555850125
31   0.283992452177
32   -0.233674608192
33   -0.589058041129
34   -0.698407571836
35   -0.770119954343
36   -0.738933715051
37   -0.745892129465
38   -0.759701510763
39   -0.74096880928
40   -0.742851185454
41   -0.762488476343
42   -0.762691010319
43   -0.747256533267
44   -0.745066343856
45   -0.770463447402
46   -0.747556574469
47   -0.743819474475
48   -0.740936859878
49   -0.745906581131
50   -0.740519110663
51   -0.75684567681
52   -0.76060030473
53   -0.741006699718
54   -0.746879532783
55   -0.764127622716
56   -0.753367771967
57   -0.748456545663
58   -0.754232820171
59   -0.749530102152
60   -0.773985335446
61   -0.768263336885
62   -0.773549806105
63   -0.808500800941
0    0.826967092545
1    0.776497951965
2    0.743763393315
3    0.761114994537
4    0.742419469801
5    0.768889597637
6    0.727545695572
7    0.740977146927
8    0.780727312178
9    0.738884291656
10   0.756445581138
11   0.748896986109
12   0.752698398978
13   0.73951908394
14   0.751837339556
15   0.740091599566
16   0.747823526326
17   0.738494860776
18   0.760277875521
19   0.768238018457
20   0.725292111647
21   0.751807324506
22   0.741718725057
23   0.744590780605
24   0.755148969132
25   0.747934806351
26   0.753896108902
27   0.743032856824
28   0.749531878534
29   0.71206690015
30   0.604961140841
31   0.275673382701
32   -0.239490752822
33   -0.586176978724
34   -0.703251212609
35   -0.772027364682
36   -0.746247135393
37   -0.745716275706
38   -0.761956908003
39   -0.732117270901
40   -0.744583046872
41   -0.754093566482
42   -0.756426500318
43   -0.750219416809
44   -0.743752949037
45   -0.774208116025
46   -0.739500192249
47   -0.750153221476
48   -0.743098589693
49   -0.740176377855
50   -0.738155051927
51   -0.758118318354
52   -0.761817021507
53   -0.744439107179
54   -0.739995342377
55   -0.767803124528
56   -0.743485637896
57   -0.753590944712
58   -0.754249990645
59   -0.74112238073
60   -0.773675451162
61   -0.765828621112
62   -0.782835677087
63   -0.809453000887
0    0.825268421277
1    0.766234302484
2    0.739922336547
3    0.763766460051
4    0.754960944023
5    0.76195975956
6    0.732486830001
7    0.759561762776
8    0.776537324848
9    0.744001348614
10   0.755532865325
11   0.746567551288
12   0.755486608434
13   0.737897833893
14   0.751578191181
15   0.73637122559
16   0.74664846188
17   0.739029250144
18   0.766692386148
19   0.767991050327
20   0.73082979192
21   0.751554240458
22   0.747485547378
23   0.741281092339
24   0.761556614668
25   0.743452039619
26   0.7605471493
27   0.746139723775
28   0.744746915073
29   0.710646164775
30   0.602232152881
31   0.268812514412
32   -0.247366645424
33   -0.589983397108
34   -0.702770431373
35   -0.772043553479
36   -0.740992193638
37   -0.747007783808
38   -0.76232417923
39   -0.734424966381
40   -0.740234168682
41   -0.758815490059
42   -0.757540944414
43   -0.752308744673
44   -0.739940875728
45   -0.777346790854
46   -0.737868850419
47   -0.752516247938
48   -0.736538163977
49   -0.747955174439
50   -0.737369892459
51   -0.749940088388
52   -0.764426496827
53   -0.747878551844
54   -0.74426890358
55   -0.761577899865
56   -0.749472402199
57   -0.750830021355
58   -0.750165084569
59   -0.74916913806
60   -0.783560675879
61   -0.762863292318
62   -0.779834642516
63   -0.808443542585
0    0.81448026482
1    0.769754213416
2    0.744135031986
3    0.758816782625
4    0.746305111831
5    0.773059629846
6    0.72416410574
7    0.742940084492
8    0.778138016269
9    0.745850030936
10   0.762132899464
11   0.74082621933
12   0.74992728502
13   0.740761318006
14   0.751177812661
15   0.738722227558
16   0.752154072689
17   0.738718696706
18   0.766781541279
19   0.76830525224
20   0.724519300338
21   0.753235805987
22   0.743647454577
23   0.739760668165
24   0.756329536812
25   0.748572001487
26   0.754895384645
27   0.740862930473
28   0.748176284297
29   0.716090458058
30   0.605903144997
31   0.276393581587
32   -0.243243350426
33   -0.584205742755
34   -0.702499593354
35   -0.772112374914
36   -0.748241443561
37   -0.745076514432
38   -0.760394113654
39   -0.733097611072
40   -0.743540987503
41   -0.753934823191
42   -0.759337430244
43   -0.749539056979
44   -0.742743133677
45   -0.777333368924
46   -0.738478194628
47   -0.753807644037
48   -0.739168293552
49   -0.744603817562
50   -0.740246789393
51   -0.755647299085
52   -0.756351829128
53   -0.745935673597
54   -0.740748685482
55   -0.766180709931
56   -0.751022944597
57   -0.752350039514
58   -0.749946081741
59   -0.74677249131
60   -0.777272291693
61   -0.762197780812
62   -0.773635268867
63   -0.805871905145
0    0.834991333241
1    0.767629059373
2    0.746133618703
3    0.755774195268
4    0.751034604682
5    0.765809930915
6    0.731201677213
7    0.748223219035
8    0.775734096487
9    0.754032065495
10   0.759095936221
11   0.745041907572
12   0.748878382969
13   0.744354437902
14   0.746912279856
15   0.730680424982
16   0.747077201349
17   0.73817160568
18   0.760355009361
19   0.767818036769
20   0.735239310804
21   0.754908833073
22   0.747039362178
23   0.734076476757
24   0.749734220018
25   0.754787006128
26   0.753660047942
27   0.74024263807
28   0.75675168554
29   0.712116730295
30   0.600903720904
31   0.271944069608
32   -0.24230443063
33   -0.588300660539
34   -0.706615798679
35   -0.77117057101
36   -0.742909694884
37   -0.746444520159
38   -0.757734085945
39   -0.737113437583
40   -0.740857522235
41   -0.756956406846
42   -0.752151232846
43   -0.753292062826
44   -0.745012541976
45   -0.768626182851
46   -0.744693745194
47   -0.749332422707
48   -0.747384266314
49   -0.74176437211
50   -0.733842235178
51   -0.754251954814
52   -0.763904965174
53   -0.743474919357
54   -0.749182754602
55   -0.759146334655
56   -0.754215333202
57   -0.748680011104
58   -0.748151889066
59   -0.746742997171
60   -0.779192627012
61   -0.762333568734
62   -0.778562579042
63   -0.816007017506
0    0.819642329092
1    0.768432851297
2    0.746731625722
3    0.759523277548
4    0.756801575257
5    0.768980767171
6    0.725229195822
7    0.745292345174
8    0.786609014632
9    0.743030702063
10   0.761996036855
11   0.74753206295
12   0.745536611355
13   0.748340884669
14   0.750447383797
15   0.741482951936
16   0.747284444246
17   0.74065207877
18   0.761991029332
19   0.770251081617
20   0.729591358423
21   0.757215921668
22   0.740775071528
23   0.740291879879
24   0.761625857626
25   0.745059563611
26   0.75974334845
27   0.742261496041
28   0.745833067396
29   0.713980301498
30   0.598537938122
31   0.264949101292
32   -0.247379851052
33   -0.595734280411
34   -0.699838142466
35   -0.768206344887
36   -0.741173847448
37   -0.743186126185
38   -0.766495078944
39   -0.732717662479
40   -0.744121998445
41   -0.753773508561
42   -0.759736613704
43   -0.753244969062
44   -0.745238943752
45   -0.773118598652
46   -0.745064272085
47   -0.747815281244
48   -0.735233739302
49   -0.741493963619
50   -0.744074707362
51   -0.762325137339
52   -0.754691645575
53   -0.744711317483
54   -0.740426433123
55   -0.767231045218
56   -0.752039705954
57   -0.754798206842
58   -0.75206904062
59   -0.740214925528
60   -0.767725351318
61   -0.762846228942
62   -0.780527285668
63   -0.818398542279
0    0.817651327841
1    0.775546499501
2    0.7467857463
3    0.763489940733
4    0.741616972378
5    0.778734702005
6    0.729089391244
7    0.753925276065
8    0.77644113822
9    0.745081746397
10   0.763442605938
11   0.74070891649
12   0.751196935505
13   0.742857398717
14   0.744757670358
15   0.739318876436
16   0.744162899319
17   0.749076460445
18   0.758445982779
19   0.763007709886
20   0.725667792573
21   0.753550076568
22   0.742116210786
23   0.744381732845
24   0.756146658538
25   0.755277585732
26   0.756682887341
27   0.742776861418
28   0.750824536709
29   0.711766814035
30   0.602803690506
31   0.27188285156
32   -0.244711661114
33   -0.583466448304
34   -0.706830347786
35   -0.768772553848
36   -0.739975853969
37   -0.745904758953
38   -0.76559219112
39   -0.740602109034
40   -0.739173036861
41   -0.760153547385
42   -0.760738936978
43   -0.747623353434
44   -0.744347132156
45   -0.766345193018
46   -0.741637292284
47   -0.745256776796
48   -0.738417012745
49   -0.742087556735
50   -0.742352741258
51   -0.765550217661
52   -0.760946283533
53   -0.748593504461
54   -0.742027655805
55   -0.763538200191
56   -0.752085352079
57   -0.744718409244
58   -0.766214694472
59   -0.749844262707
60   -0.776508363455
61   -0.768789654361
62   -0.776673841443
63   -0.799736995944
