0    0.816759007391
1    0.775369078751
2    0.758348821876
3    0.760808886135
4    0.755378069944
5    0.768450651951
6    0.734515900599
7    0.747555884407
8    0.77463952236
9    0.748076089311
10   0.75385639532
11   0.750261850257
12   0.74598946033
13   0.742030051199
14   0.755718655346
15   0.742948817707
16   0.744417294432
17   0.737893160201
18   0.750613186528
19   0.758363005723
20   0.741194292681
21   0.755345136432
22   0.748625233127
23   0.746183701806
24   0.749506864661
25   0.752219587284
26   0.752068773671
27   0.741574155935
28   0.741667736448
29   0.712413086473
30   0.603406785431
31   0.272546513205
32   -0.248907995628
33   -0.590066516849
34   -0.706907454119
35   -0.761305207572
36   -0.747820191654
37   -0.750808805228
38   -0.756490127619
39   -0.742003558741
40   -0.740439368717
41   -0.751254375285
42   -0.756421610962
43   -0.755194123403
44   -0.738023629694
45   -0.760534630107
46   -0.744640339882
47   -0.754625280315
48   -0.743312776291
49   -0.747078803834
50   -0.74510721513
51   -0.752927080875
52   -0.751995263045
53   -0.743848130056
54   -0.745916823091
55   -0.762651842032
56   -0.747169143061
57   -0.757829971239
58   -0.757525242973
59   -0.750423457259
60   -0.770965410514
61   -0.761975999462
62   -0.778142378134
63   -0.816432717108
0    0.807009189453
1    0.779590632267
2    0.758911888884
3    0.757788790067
4    0.747956135489
5    0.762947011676
6    0.737476315901
7    0.749861507432
8    0.769192358966
9    0.749289713444
10   0.758228753698
11   0.750877986147
12   0.753008796302
13   0.742417086762
14   0.749903407354
15   0.738202488633
16   0.752383298819
17   0.740631502719
18   0.756858509135
19   0.759354148091
20   0.735503070388
21   0.751498915467
22   0.742638912044
23   0.747726569435
24   0.753898016012
25   0.753836650127
26   0.749259283715
27   0.744958603082
28   0.744891592261
29   0.713557104604
30   0.599815662535
31   0.281106013125
32   -0.241909127818
33   -0.588817223612
34   -0.70680092084
35   -0.76240511071
36   -0.750173414059
37   -0.753431584791
38   -0.756193552262
39   -0.747771718142
40   -0.741613580013
41   -0.751939064243
42   -0.755595589632
43   -0.749018990152
44   -0.745152859832
45   -0.764325816834
46   -0.746109869087
47   -0.75172510783
48   -0.74362987924
49   -0.747400564463
50   -0.746985642191
51   -0.750563021424
52   -0.755797557183
53   -0.74808740472
54   -0.743066760141
55   -0.754238332431
56   -0.744982409166
57   -0.75612016804
58   -0.75881829067
59   -0.748893253898
60   -0.771911793317
61   -0.764762148688
62   -0.786032593387
63   -0.806306259737
0    0.814487972736
1    0.778412923438
2    0.755753256184
3    0.756036624466
4    0.755549441123
5    0.763522384886
6    0.734626269632
7    0.746154081854
8    0.770703137472
9    0.746225190875
10   0.760638971129
11   0.753910580409
12   0.74760860571
13   0.749316535918
14   0.749280359218
15   0.740020166786
16   0.751460118678
17   0.739632316032
18   0.753638166846
19   0.760821029774
20   0.734738341781
21   0.750708175842
22   0.746568342345
23   0.747519643955
24   0.754959151003
25   0.751157339564
26   0.750888000567
27   0.744399174036
28   0.742766878878
29   0.711760144432
30   0.598785438909
31   0.279722074328
32   -0.242065453451
33   -0.590754751305
34   -0.705989453025
35   -0.759318070681
36   -0.746206657472
37   -0.753350110208
38   -0.756114074091
39   -0.746170957809
40   -0.738376289266
41   -0.752693554725
42   -0.754216156856
43   -0.751117367408
44   -0.750100280983
45   -0.758257179454
46   -0.747691458726
47   -0.753612979787
48   -0.748290884605
49   -0.746079011902
50   -0.741172971929
51   -0.754567032108
52   -0.757782345365
53   -0.748484074513
54   -0.74352888931
55   -0.762056902767
56   -0.749039348938
57   -0.751656284908
58   -0.756124865484
59   -0.752709180484
60   -0.765643715148
61   -0.766760978104
62   -0.778174046069
63   -0.813665171734
0    0.816088769752
1    0.782311502518
2    0.751593258479
3    0.750648639757
4    0.757046848807
5    0.763096749494
6    0.739461381853
7    0.741783564276
8    0.772543785283
9    0.752070684269
10   0.758514883123
11   0.754706190923
12   0.745940159052
13   0.739201282794
14   0.749688820675
15   0.739989226164
16   0.747693608723
17   0.740403887436
18   0.754773892315
19   0.762590974739
20   0.735855974277
21   0.748936107946
22   0.744803294119
23   0.747940787584
24   0.751291756912
25   0.747812803966
26   0.748142774253
27   0.745737613846
28   0.742863183541
29   0.71218000866
30   0.603348494091
31   0.28763811306
32   -0.234085349157
33   -0.58901743536
34   -0.704287058914
35   -0.760368294947
36   -0.742902741228
37   -0.750063621808
38   -0.756987982717
39   -0.747296550339
40   -0.742434514411
41   -0.756398878947
42   -0.758757761031
43   -0.748458939446
44   -0.744130716806
45   -0.762740531964
46   -0.748541843465
47   -0.749109378761
48   -0.745943905096
49   -0.748733065493
50   -0.744253910991
51   -0.751664816418
52   -0.758628948844
53   -0.745790722344
54   -0.745341362501
55   -0.759755153141
56   -0.752738345002
57   -0.751746469811
58   -0.757726074725
59   -0.752969287166
60   -0.771922498585
61   -0.766262018267
62   -0.779211530688
63   -0.808429496059
0    0.818876470459
1    0.781715311253
2    0.75211013168
3    0.759405470078
4    0.747021854017
5    0.764438275552
6    0.733500849491
7    0.741219969805
8    0.774414243104
9    0.743097724296
10   0.753292943235
11   0.751761569495
12   0.748794269908
13   0.743560860085
14   0.753047757612
15   0.742330612632
16   0.749829856057
17   0.740694821037
18   0.753528080842
19   0.762183745271
20   0.733890398479
21   0.750185285122
22   0.744150664976
23   0.748930019922
24   0.752524291734
25   0.751354178909
26   0.75189253342
27   0.743947303737
28   0.743823340723
29   0.713817887003
30   0.599771165401
31   0.278722939167
32   -0.241784100086
33   -0.589030540746
34   -0.705557442193
35   -0.761351470041
36   -0.747975952325
37   -0.750097441584
38   -0.757505282793
39   -0.741594310296
40   -0.742750775216
41   -0.750660683738
42   -0.753743300586
43   -0.749940908529
44   -0.743810257208
45   -0.76439244499
46   -0.743783170223
47   -0.753087752718
48   -0.746186042018
49   -0.744986803477
50   -0.741968822438
51   -0.753006559269
52   -0.757601845452
53   -0.748440797234
54   -0.739313037028
55   -0.763557449769
56   -0.743699531248
57   -0.755063613406
58   -0.757906787842
59   -0.747120701096
60   -0.770511616686
61   -0.765089714717
62   -0.784687958962
63   -0.811627893485
0    0.819046968891
1    0.772665449944
2    0.751243391244
3    0.758526161334
4    0.757955614704
5    0.759149056988
6    0.73827872328
7    0.754502050207
8    0.771494653189
9    0.746933856749
10   0.753013961289
11   0.751474850389
12   0.749406690223
13   0.74233072612
14   0.752207788231
15   0.740670494545
16   0.749109826495
17   0.741486586626
18   0.758302471683
19   0.763146101367
20   0.73866493509
21   0.750573792579
22   0.748429096609
23   0.747685142611
24   0.757967010951
25   0.748946818269
26   0.755457934808
27   0.745755144505
28   0.740758249012
29   0.712030052319
30   0.598803779568
31   0.273346244384
32   -0.249096463497
33   -0.592602460067
34   -0.70642714709
35   -0.760792316156
36   -0.74582477489
37   -0.751163034615
38   -0.75625748218
39   -0.742591818174
40   -0.740549546765
41   -0.754208110412
42   -0.754896854282
43   -0.752181708911
44   -0.740533609881
45   -0.765449937065
46   -0.742841538618
47   -0.752818314553
48   -0.742374029184
49   -0.750974820815
50   -0.74145705559
51   -0.749339862565
52   -0.759499517604
53   -0.750401050535
54   -0.743438815649
55   -0.758481191661
56   -0.747428378905
57   -0.755206997761
58   -0.754866231959
59   -0.753326245173
60   -0.777087980372
61   -0.763496504702
62   -0.783910906272
63   -0.809839279095
0    0.809837980743
1    0.777311087642
2    0.753403391841
3    0.754507543831
4    0.751910181324
5    0.766743332911
6    0.731336394115
7    0.743757273717
8    0.77018695854
9    0.747517724643
10   0.757299664768
11   0.747149035358
12   0.746533535243
13   0.743286632504
14   0.752555857942
15   0.741522137737
16   0.752798918066
17   0.741043511491
18   0.758085211421
19   0.761900667038
20   0.733736680404
21   0.752549679582
22   0.746469229327
23   0.745586158771
24   0.753846634961
25   0.752016848968
26   0.75274995137
27   0.741882688615
28   0.742908440127
29   0.716836978793
30   0.600102032739
31   0.280015106463
32   -0.243315190497
33   -0.587845627555
34   -0.705798867186
35   -0.762473399745
36   -0.747988356299
37   -0.749608743406
38   -0.756376845895
39   -0.742597454517
40   -0.742319057172
41   -0.750631769144
42   -0.755731879941
43   -0.750390131384
44   -0.741944476451
45   -0.766073185321
46   -0.744354911435
47   -0.754118020003
48   -0.745354864223
49   -0.748487287311
50   -0.744034756292
51   -0.749533570562
52   -0.755424174474
53   -0.748893505985
54   -0.741165342437
55   -0.761394543919
56   -0.748888905408
57   -0.754123594982
58   -0.753244905766
59   -0.753214080809
60   -0.772624846855
61   -0.762996677886
62   -0.77864373178
63   -0.807794598477
0    0.824520345885
1    0.775446265037
2    0.754895160503
3    0.755756951348
4    0.755037368505
5    0.762468745453
6    0.736192996028
7    0.746474315183
8    0.77128641451
9    0.752396668722
10   0.756460910962
11   0.751271961015
12   0.74660066214
13   0.745645205225
14   0.749934268003
15   0.736033236067
16   0.749022801896
17   0.741047261412
18   0.753925388245
19   0.760829942443
20   0.740883729067
21   0.753100863811
22   0.748196480043
23   0.741515095764
24   0.749032834911
25   0.75539789674
26   0.751934011121
27   0.741999626805
28   0.748796863312
29   0.713614802583
30   0.596985829992
31   0.276618435708
32   -0.244942209965
33   -0.590760454507
34   -0.708687809481
35   -0.761045475571
36   -0.745364346936
37   -0.749253866224
38   -0.754610702099
39   -0.744567861324
40   -0.739976103818
41   -0.752120378357
42   -0.752336885689
43   -0.752663189577
44   -0.742871043196
45   -0.762087554505
46   -0.747667539518
47   -0.75158392799
48   -0.749100112607
49   -0.745970108106
50   -0.740145265907
51   -0.750234435998
52   -0.760193956434
53   -0.747854691118
54   -0.747067103111
55   -0.758080410017
56   -0.750690104249
57   -0.752349849794
58   -0.751501276886
59   -0.752076247976
60   -0.773751039599
61   -0.763441702078
62   -0.784806910904
63   -0.815520533006
0    0.81439072193
1    0.775237969185
2    0.754349001416
3    0.756264738606
4    0.758756387688
5    0.764925253885
6    0.733513558302
7    0.743649834686
8    0.778032346853
9    0.746177823107
10   0.757709669928
11   0.753257808143
12   0.74491921213
13   0.74851470664
14   0.752801501105
15   0.743166102756
16   0.749711464277
17   0.742329023798
18   0.756267872294
19   0.763257356453
20   0.738062653031
21   0.754660792555
22   0.744255445013
23   0.747324193833
24   0.757986451308
25   0.74841838074
26   0.755741610728
27   0.743122672203
28   0.741890182152
29   0.712548604488
30   0.5947085547
31   0.270465705734
32   -0.24793296467
33   -0.595862007157
34   -0.703845179449
35   -0.758738094461
36   -0.745517275956
37   -0.748377931975
38   -0.760324627786
39   -0.742039172528
40   -0.743470782408
41   -0.750083370904
42   -0.756667060736
43   -0.752628903371
44   -0.745222931958
45   -0.764182014995
46   -0.746701115731
47   -0.750443087224
48   -0.742714885543
49   -0.745740839343
50   -0.747058107487
51   -0.755544326949
52   -0.75405758415
53   -0.748551356448
54   -0.740984628051
55   -0.761846899773
56   -0.749451656254
57   -0.756480157804
58   -0.756408466969
59   -0.746738029161
60   -0.763096520987
61   -0.764074257168
62   -0.785294167093
63   -0.816339202709
0    0.812632135423
1    0.779487193869
2    0.755952103809
3    0.760477162924
4    0.748445226596
5    0.770872233502
6    0.737065800753
7    0.749764297355
8    0.772229150195
9    0.746710496434
10   0.759042366204
11   0.747191726711
12   0.748856735243
13   0.744772048294
14   0.749281373536
15   0.741963411488
16   0.746681570053
17   0.747201778114
18   0.753369607536
19   0.758145535199
20   0.734488220651
21   0.751139115905
22   0.744377995407
23   0.748675755452
24   0.753771016997
25   0.755171489436
26   0.75401681056
27   0.744007580015
28   0.745275824789
29   0.713626481931
30   0.599080289737
31   0.276512841034
32   -0.246271109562
33   -0.587670216128
34   -0.70835538909
35   -0.761139828769
36   -0.7430604946
37   -0.750250906881
38   -0.75981733603
39   -0.747388293631
40   -0.74063492279
41   -0.753730761695
42   -0.755513304152
43   -0.747640725508
44   -0.744220727357
45   -0.759290050925
46   -0.746446531924
47   -0.748415285304
48   -0.74469518862
49   -0.746051989081
50   -0.745543153734
51   -0.757748391854
52   -0.759519262849
53   -0.750528744024
54   -0.743063251433
55   -0.759348511215
56   -0.750854332055
57   -0.751487628738
58   -0.765054743609
59   -0.754345479064
60   -0.770849961809
61   -0.766367767467
62   -0.781457763711
63   -0.803524027187
