0    0.823382897509
1    0.769392860264
2    0.754023428538
3    0.764591785886
4    0.750711214451
5    0.771636944889
6    0.728886509378
7    0.747647326438
8    0.783058911596
9    0.745233051563
10   0.75655400383
11   0.743824700547
12   0.749054929735
13   0.739294744116
14   0.755805771026
15   0.738860832141
16   0.741194519915
17   0.734307252691
18   0.754181798273
19   0.763768570592
20   0.735844209013
21   0.75787907772
22   0.747078104953
23   0.741645932063
24   0.750931207697
25   0.749066315142
26   0.753786051291
27   0.739781603475
28   0.746472280844
29   0.711521764669
30   0.609946784419
31   0.268837660471
32   -0.247806570636
33   -0.587117040232
34   -0.703178963285
35   -0.76996488995
36   -0.746440622376
37   -0.747938237633
38   -0.760813234938
39   -0.734970062774
40   -0.740892470035
41   -0.754363601983
42   -0.760836896649
43   -0.757156616021
44   -0.736116212381
45   -0.767194779616
46   -0.740823388354
47   -0.752955745523
48   -0.737695336615
49   -0.742402267691
50   -0.742869539757
51   -0.758060502355
52   -0.753089904466
53   -0.740468927489
54   -0.745841613108
55   -0.76831609111
56   -0.747796458225
57   -0.755488879927
58   -0.754420761034
59   -0.746737463186
60   -0.774317682557
61   -0.761364423916
62   -0.773273377958
63   -0.817490436223
0    0.811962935918
1    0.774595239763
2    0.752141373823
3    0.759511229694
4    0.74297728519
5    0.766022083796
6    0.733901728958
7    0.75497663281
8    0.772881437065
9    0.748526436561
10   0.761887757472
11   0.747164621302
12   0.757670889834
13   0.738083737891
14   0.74715908719
15   0.731768765536
16   0.752392511713
17   0.739239078193
18   0.762549936727
19   0.763546717309
20   0.726354041251
21   0.753384198904
22   0.740348965501
23   0.74282665919
24   0.757011845364
25   0.752305659971
26   0.749547314711
27   0.745471562504
28   0.749218371176
29   0.713449992444
30   0.604176447076
31   0.278750814155
32   -0.240779284032
33   -0.585882989075
34   -0.702105171166
35   -0.771555489358
36   -0.750599888301
37   -0.750394801989
38   -0.759721833368
39   -0.742018893169
40   -0.742247810929
41   -0.756251895291
42   -0.757390233471
43   -0.748436513704
44   -0.744436409292
45   -0.774267196427
46   -0.742808840294
47   -0.74964771947
48   -0.737245051703
49   -0.743790318107
50   -0.745146518422
51   -0.755169516717
52   -0.75730411405
53   -0.745916885925
54   -0.746710862756
55   -0.755264458739
56   -0.744912981605
57   -0.75249695673
58   -0.757952257403
59   -0.744141066039
60   -0.77502203914
61   -0.764918969944
62   -0.782675760267
63   -0.804592759958
0    0.81922689625
1    0.77428015038
2    0.750113443679
3    0.758048680254
4    0.751167238696
5    0.767507444377
6    0.730153961147
7    0.745969559189
8    0.777797315558
9    0.743278355761
10   0.765241196826
11   0.749125607347
12   0.747701961883
13   0.749394294488
14   0.745634120142
15   0.735838954578
16   0.750529556951
17   0.736553076057
18   0.760446848833
19   0.766691943122
20   0.726227185905
21   0.752100129492
22   0.745683210294
23   0.743531615748
24   0.75783996897
25   0.748704060371
26   0.753721424664
27   0.744226447529
28   0.747856821344
29   0.709011879027
30   0.603148425931
31   0.276367087604
32   -0.241109129293
33   -0.589239390721
34   -0.702367961639
35   -0.767187719209
36   -0.742898919871
37   -0.752371351607
38   -0.759083620469
39   -0.740577983797
40   -0.738009603198
41   -0.754989614576
42   -0.756951514898
43   -0.750815182648
44   -0.753709040655
45   -0.762794209807
46   -0.744595408832
47   -0.749886969924
48   -0.746111565945
49   -0.742037858113
50   -0.736927475746
51   -0.760052659363
52   -0.761607707159
53   -0.745266258579
54   -0.743550578404
55   -0.766415932271
56   -0.75248348473
57   -0.747326312501
58   -0.754436033573
59   -0.746718346021
60   -0.768190860588
61   -0.766914070582
62   -0.773672156412
63   -0.814819858845
0    0.823187910965
1    0.778175463268
2    0.74250911335
3    0.751134841171
4    0.755169696793
5    0.767150149362
6    0.735947692902
7    0.740793030387
8    0.777977810496
9    0.752153510796
10   0.761356540149
11   0.751178375103
12   0.74667275638
13   0.734773447514
14   0.748482335857
15   0.735540891557
16   0.745656516409
17   0.738187446133
18   0.762966577802
19   0.768931481401
20   0.729613197358
21   0.748681168407
22   0.742620305574
23   0.743740727952
24   0.752525639778
25   0.744475390739
26   0.749158971756
27   0.74663670991
28   0.747756142847
29   0.711511465196
30   0.60876217359
31   0.284469203345
32   -0.233685977738
33   -0.589142588061
34   -0.698845196225
35   -0.769220799619
36   -0.739340003199
37   -0.74641490996
38   -0.759417674533
39   -0.741694229057
40   -0.742693903521
41   -0.761796337077
42   -0.762306422449
43   -0.747426553952
44   -0.744899799701
45   -0.769754828603
46   -0.747636193634
47   -0.74435930299
48   -0.741505286524
49   -0.746148709015
50   -0.740877090352
51   -0.756255387093
52   -0.760567721926
53   -0.741520300519
54   -0.746586359511
55   -0.763737492831
56   -0.753299722103
57   -0.748767092354
58   -0.754621413898
59   -0.749811523845
60   -0.773800272064
61   -0.768158672002
62   -0.774414848055
63   -0.80919016522
0    0.826758619019
1    0.777395027594
2    0.744674455407
3    0.761009961347
4    0.742869535466
5    0.768594814517
6    0.727961863674
7    0.740885320199
8    0.78040180432
9    0.739227238824
10   0.75613893528
11   0.749208903573
12   0.752222284191
13   0.739868980906
14   0.752129011941
15   0.740119921023
16   0.74804325296
17   0.738656733911
18   0.759564216856
19   0.767781748798
20   0.726073323373
21   0.751603603059
22   0.741861910787
23   0.745194350401
24   0.754844278969
25   0.748293617013
26   0.753686641244
27   0.743130383248
28   0.749032271261
29   0.71237321098
30   0.604247198317
31   0.276055798543
32   -0.239706465883
33   -0.586556562033
34   -0.703270720821
35   -0.771089571402
36   -0.746457533836
37   -0.746258135112
38   -0.761494673926
39   -0.733101829398
40   -0.744332138394
41   -0.753682000835
42   -0.756110201913
43   -0.750274698634
44   -0.743699217772
45   -0.773247934908
46   -0.739888223289
47   -0.750493899695
48   -0.743461317634
49   -0.740678238597
50   -0.738468964094
51   -0.757558426065
52   -0.761503928002
53   -0.744955855379
54   -0.73976469144
55   -0.767441540052
56   -0.743444331409
57   -0.753738171021
58   -0.754705210745
59   -0.741627219193
60   -0.77334202576
61   -0.765813109488
62   -0.783315776731
63   -0.81042661674
0    0.825243769517
1    0.767213139071
2    0.741145777025
3    0.763211344362
4    0.755393640173
5    0.761741956842
6    0.732912288953
7    0.759010780869
8    0.776286474415
9    0.744244457784
10   0.755304584155
11   0.747086689155
12   0.754733765222
13   0.73832316232
14   0.75181024736
15   0.73656391983
16   0.746940069904
17   0.73923953355
18   0.765848840065
19   0.767660816268
20   0.731527995921
21   0.751389156019
22   0.747498192602
23   0.742094756721
24   0.761175247198
25   0.743987072892
26   0.7600106477
27   0.746102188296
28   0.744376183311
29   0.710902320193
30   0.601718808863
31   0.269380151137
32   -0.247507336308
33   -0.590341086905
34   -0.702946355922
35   -0.771027907841
36   -0.741523491022
37   -0.747539015048
38   -0.761648111182
39   -0.735334827524
40   -0.740155823869
41   -0.758307690747
42   -0.7572295044
43   -0.752438642621
44   -0.739876668854
45   -0.776160586109
46   -0.738383149154
47   -0.752540346657
48   -0.737183010896
49   -0.748294726622
50   -0.737664052488
51   -0.749867413956
52   -0.764043608458
53   -0.748227273012
54   -0.744100610556
55   -0.761298252434
56   -0.74917897221
57   -0.751301754438
58   -0.750633473693
59   -0.749638322189
60   -0.78284297924
61   -0.762995143882
62   -0.780573340167
63   -0.809274779249
0    0.814602739751
1    0.770838593061
2    0.74524674372
3    0.758349268615
4    0.746994744002
5    0.772458776392
6    0.724746632608
7    0.742918307832
8    0.777631687172
9    0.745948979184
10   0.76172236674
11   0.741441265645
12   0.749456722355
13   0.740982715356
14   0.751531526096
15   0.738767671934
16   0.752241049966
17   0.738893174242
18   0.765910692519
19   0.767790046469
20   0.725339324777
21   0.753167439057
22   0.743844531102
23   0.74047722569
24   0.756044348514
25   0.748937911798
26   0.75465698124
27   0.740944872157
28   0.747711443764
29   0.716345339333
30   0.605087296051
31   0.276877673965
32   -0.243234608335
33   -0.584659870781
34   -0.702650377477
35   -0.771272715908
36   -0.748201703551
37   -0.745638254039
38   -0.75992979749
39   -0.734188206399
40   -0.743339787864
41   -0.753499580316
42   -0.758895565164
43   -0.749744977053
44   -0.742586494991
45   -0.776202035805
46   -0.73913253222
47   -0.753809987331
48   -0.739902963194
49   -0.745042299017
50   -0.740557234059
51   -0.754944469735
52   -0.756351892622
53   -0.746303895238
54   -0.740648861149
55   -0.765856119581
56   -0.750700395318
57   -0.752545280325
58   -0.750250338915
59   -0.747450404465
60   -0.776797417063
61   -0.762346407587
62   -0.774444781845
63   -0.806779132597
0    0.834562566771
1    0.768783056886
2    0.747127463108
3    0.755779569936
4    0.751509036121
5    0.765580103266
6    0.731540844549
7    0.747927922246
8    0.775584372998
9    0.753797270766
10   0.758888671289
11   0.745683549619
12   0.748511886927
13   0.744405742718
14   0.747373765677
15   0.731037559704
16   0.74725169482
17   0.738438580655
18   0.759709219998
19   0.767237160464
20   0.735712839865
21   0.754714597802
22   0.747086689155
23   0.734924148025
24   0.749622013428
25   0.754879806656
26   0.753482853415
27   0.7403776208
28   0.756030467573
29   0.712430977306
30   0.600287472087
31   0.272553865587
32   -0.242563823846
33   -0.588650983802
34   -0.706638393347
35   -0.770288048388
36   -0.743132362707
37   -0.746835570181
38   -0.757423602768
39   -0.738008044711
40   -0.740604046578
41   -0.756380147647
42   -0.752120694484
43   -0.753348337719
44   -0.744673160905
45   -0.768031148568
46   -0.745000739851
47   -0.749609815542
48   -0.747627633483
49   -0.742168181416
50   -0.73439005753
51   -0.753744187181
52   -0.763666878829
53   -0.743944699768
54   -0.748870755394
55   -0.759080819115
56   -0.753814357273
57   -0.749123687888
58   -0.748486216377
59   -0.747289188588
60   -0.778584911619
61   -0.762574660078
62   -0.779499612354
63   -0.816658617088
0    0.819744847419
1    0.769447093652
2    0.747588059408
3    0.759218578435
4    0.757145925393
5    0.768682805378
6    0.725865790601
7    0.745005575897
8    0.78604199649
9    0.743322686558
10   0.76158177424
11   0.74810395987
12   0.745332060876
13   0.748317645957
14   0.750858407106
15   0.741448876078
16   0.747529804962
17   0.740785869615
18   0.761439714552
19   0.769685420603
20   0.730363132778
21   0.756890498064
22   0.741032829821
23   0.741156457488
24   0.761268124966
25   0.745310562544
26   0.75936541684
27   0.742351153752
28   0.745479255459
29   0.713960687058
30   0.597953860754
31   0.265604399933
32   -0.247384125743
33   -0.595891210313
34   -0.700023274393
35   -0.767366683808
36   -0.741628783331
37   -0.743816402043
38   -0.765836248816
39   -0.733752657331
40   -0.744016756882
41   -0.753255413053
42   -0.759355007014
43   -0.753274022614
44   -0.745189213844
45   -0.772276868948
46   -0.745191411452
47   -0.748094016693
48   -0.736090017422
49   -0.741893783624
50   -0.744313757228
51   -0.761592388524
52   -0.754713007631
53   -0.745153424911
54   -0.740361757662
55   -0.766789849578
56   -0.751741160874
57   -0.754988980505
58   -0.752574566572
59   -0.740822388112
60   -0.767164356037
61   -0.763037201989
62   -0.781341813473
63   -0.81895253529
0    0.817750893174
1    0.776307975212
2    0.747866076033
3    0.763203119755
4    0.742348430092
5    0.778032237345
6    0.729725602857
7    0.753476680779
8    0.776276382044
9    0.745143538707
10   0.763077964019
11   0.741348004734
12   0.750850755422
13   0.742983296148
14   0.745368154404
15   0.739361903375
16   0.744414802897
17   0.748865416939
18   0.757945447354
19   0.762607433957
20   0.726477997975
21   0.753260614506
22   0.742279428226
23   0.744964715332
24   0.755888064859
25   0.755242632335
26   0.756481499554
27   0.742871577148
28   0.750354959073
29   0.712082223769
30   0.602209566585
31   0.272441213899
32   -0.244881445895
33   -0.583972289801
34   -0.706789259066
35   -0.768165096787
36   -0.740257910746
37   -0.746403028407
38   -0.764986470207
39   -0.741419648505
40   -0.739254987322
41   -0.759422833315
42   -0.760121042868
43   -0.747696431475
44   -0.744282453561
45   -0.7656630053
46   -0.742129683572
47   -0.745522991621
48   -0.739152877952
49   -0.742458183539
50   -0.742584428351
51   -0.764755169465
52   -0.760908140276
53   -0.748877057445
54   -0.741991854663
55   -0.763186465018
56   -0.751899050598
57   -0.745385887473
58   -0.76618981511
59   -0.750296534535
60   -0.775947406382
61   -0.768616155582
62   -0.777437831306
63   -0.800852999551
