0    0.822583661316
1    0.772632089976
2    0.756067520301
3    0.763357597687
4    0.752709967611
5    0.770645883217
6    0.730469941612
7    0.74755114274
8    0.780423326064
9    0.746294938373
10   0.75553129733
11   0.746371123759
12   0.747520321359
13   0.740191346678
14   0.756164903099
15   0.739986496063
16   0.742338897223
17   0.735585680941
18   0.752770953435
19   0.761885309087
20   0.737932030968
21   0.756890162521
22   0.747499321632
23   0.743597130942
24   0.750275023373
25   0.750315667534
26   0.753071672591
27   0.740454599422
28   0.744773406828
29   0.71213953904
30   0.607093094328
31   0.270514367912
32   -0.248229270463
33   -0.588401139122
34   -0.704165436718
35   -0.766928508425
36   -0.747050873302
37   -0.749351274659
38   -0.759140858945
39   -0.737796611668
40   -0.740426433123
41   -0.753009976475
42   -0.759011933741
43   -0.756751156221
44   -0.736520174501
45   -0.764735256537
46   -0.7421957881
47   -0.753751153305
48   -0.739967921296
49   -0.74422631016
50   -0.743664109054
51   -0.756023113616
52   -0.752856087205
53   -0.741892406817
54   -0.745537877628
55   -0.76633756143
56   -0.747391251203
57   -0.756391576873
58   -0.755706181325
59   -0.748144080193
60   -0.773088510839
61   -0.761794102674
62   -0.775981530215
63   -0.819170013105
0    0.811741993298
1    0.777539330862
2    0.755130930116
3    0.758854067142
4    0.74510211791
5    0.765111414931
6    0.734890305275
7    0.752811159365
8    0.772220779132
9    0.74869616665
10   0.760583812182
11   0.748528241152
12   0.75565684116
13   0.73965917121
14   0.748504330057
15   0.733801123546
16   0.752506879343
17   0.739549356288
18   0.760372397093
19   0.762147697307
20   0.729793292915
21   0.752502161094
22   0.741014079805
23   0.744958376702
24   0.755775538938
25   0.752948498718
26   0.749396210203
27   0.745278201025
28   0.747760319175
29   0.713686628411
30   0.602107007943
31   0.279910680811
32   -0.241130369322
33   -0.587118648481
34   -0.703542610985
35   -0.768329071261
36   -0.750478056026
37   -0.75180417472
38   -0.75826894823
39   -0.744514588227
40   -0.741752170244
41   -0.754363221779
42   -0.75662673044
43   -0.748883107451
44   -0.744596224601
45   -0.770501119706
46   -0.744030115298
47   -0.75055765564
48   -0.739861991792
49   -0.745141683908
50   -0.745786764282
51   -0.753243513242
52   -0.757004120469
53   -0.746973753855
54   -0.745000425966
55   -0.754980864433
56   -0.744719852706
57   -0.754006273557
58   -0.758379327006
59   -0.745893700288
60   -0.773744320396
61   -0.765150244526
62   -0.784801488843
63   -0.807353850899
0    0.819135675443
1    0.776879441743
2    0.752464751335
3    0.757362607235
4    0.753263084098
5    0.76622565947
6    0.731346261931
7    0.745969333038
8    0.775672848678
9    0.744212288295
10   0.763602824066
11   0.750980826082
12   0.747366877709
13   0.749277090854
14   0.74738855771
15   0.736907093024
16   0.750973062824
17   0.737622276781
18   0.757774709823
19   0.764718194996
20   0.729347764503
21   0.751485083741
22   0.745860548186
23   0.745278427333
24   0.756709064774
25   0.749643757254
26   0.752569674866
27   0.744309359976
28   0.746000993765
29   0.710406230419
30   0.601004899795
31   0.277990604144
32   -0.241385740134
33   -0.59006027994
34   -0.703385610237
35   -0.764450500229
36   -0.744185788502
37   -0.7529310673
38   -0.757840145284
39   -0.74304614666
40   -0.737862991344
41   -0.754018942594
42   -0.755660686876
43   -0.751150338543
44   -0.752194734235
45   -0.76098315248
46   -0.745752901503
47   -0.751513345544
48   -0.747164424584
49   -0.74357897553
50   -0.738400985083
51   -0.757883513314
52   -0.760306269024
53   -0.746664580952
54   -0.743210627749
55   -0.765069218681
56   -0.750985809506
57   -0.748987917016
58   -0.755065071879
59   -0.749099293156
60   -0.767137912665
61   -0.767194907987
62   -0.77622451003
63   -0.81635363046
0    0.822220370412
1    0.780728622734
2    0.746267695601
3    0.751049455166
4    0.756153150506
5    0.765733216705
6    0.736862933339
7    0.740954418324
8    0.776627141863
9    0.752018310089
10   0.760436372427
11   0.75255810461
12   0.74601965051
13   0.736336061734
14   0.749228740353
15   0.736787389512
16   0.74646651686
17   0.738932461655
18   0.759831675505
19   0.766777332893
20   0.731819343876
21   0.748734732527
22   0.743258854123
23   0.745573036864
24   0.752110693597
25   0.745745530956
26   0.748690189933
27   0.746355299379
28   0.745964357689
29   0.712042218103
30   0.606310917521
31   0.285940548286
32   -0.233777616478
33   -0.589265500035
34   -0.70062163189
35   -0.766026511569
36   -0.7407091171
37   -0.748018202025
38   -0.758458031015
39   -0.744063919788
40   -0.742331892053
41   -0.759552894358
42   -0.760991317413
43   -0.747932571107
44   -0.744413195215
45   -0.767220967742
46   -0.747926400927
47   -0.746232678805
48   -0.743345804462
49   -0.747037348662
50   -0.742148275029
51   -0.754341170167
52   -0.76017827702
53   -0.743245031215
54   -0.74579958092
55   -0.762314853687
56   -0.753061805537
57   -0.749867350873
58   -0.755918579591
59   -0.750908891204
60   -0.773190722699
61   -0.767722076113
62   -0.777039104349
63   -0.810873951015
0    0.825522424359
1    0.780031164375
2    0.747719909652
3    0.760620808014
4    0.74442703401
5    0.767370540649
6    0.729668137412
7    0.740776094509
8    0.778809002815
9    0.740554082955
10   0.75505070297
11   0.750246312512
12   0.750715378455
13   0.741187134782
14   0.752850016075
15   0.74048859548
16   0.748782092095
17   0.739297817604
18   0.757173991581
19   0.765976198743
20   0.728907903625
21   0.75096068649
22   0.742523523652
23   0.74696831103
24   0.753886685483
25   0.749493456066
26   0.752985441245
27   0.743458841245
28   0.747190258521
29   0.713212365738
30   0.602096823315
31   0.27726107513
32   -0.24049245489
33   -0.58768620036
34   -0.703700178518
35   -0.767661326221
36   -0.747109440248
37   -0.747933137759
38   -0.759927758416
39   -0.736462037716
40   -0.743571453034
41   -0.752367114448
42   -0.755125251574
43   -0.750336673446
44   -0.74356211268
45   -0.769925564448
46   -0.741267282258
47   -0.751625445686
48   -0.744622894346
49   -0.742350800323
50   -0.739684072967
51   -0.755710686467
52   -0.760247880201
53   -0.746565861978
54   -0.739203244779
55   -0.766118835383
56   -0.743369557844
57   -0.754249673844
58   -0.756147591271
59   -0.74354293075
60   -0.772286610424
61   -0.765748565771
62   -0.784628129067
63   -0.812982123673
0    0.824647555053
1    0.770191262971
2    0.745237464758
3    0.761426130986
4    0.756688257127
5    0.760907145113
6    0.734616662863
7    0.757222294888
8    0.775026005306
9    0.745184844623
10   0.75445978193
11   0.748831140713
12   0.752366221037
13   0.73983837692
14   0.752318918551
15   0.737578376725
16   0.747878716446
17   0.740015275501
18   0.762960908112
19   0.766275743593
20   0.734094098612
21   0.750921756297
22   0.747667871522
23   0.744588289502
24   0.759926796803
25   0.745832049574
26   0.758206525542
27   0.745985841971
28   0.743048053428
29   0.711595145348
30   0.600218925675
31   0.271163485868
32   -0.248061055164
33   -0.591391235634
34   -0.703879761089
35   -0.767365143087
36   -0.743267779512
37   -0.749154576129
38   -0.759426272518
39   -0.738331202263
40   -0.740079109378
41   -0.756622919788
42   -0.756259577271
43   -0.752661165266
44   -0.739816587946
45   -0.772094056469
46   -0.740099536848
47   -0.752670337956
48   -0.739294747886
49   -0.749379395622
50   -0.738894592786
51   -0.74962785284
52   -0.762546676702
53   -0.749286271602
54   -0.743639659067
55   -0.760303336753
56   -0.748291262507
57   -0.752870386773
58   -0.752272826505
59   -0.751190827573
60   -0.780560785552
61   -0.763412927108
62   -0.782710244854
63   -0.811458072681
0    0.814515847445
1    0.774196937904
2    0.748797652607
3    0.756872154887
4    0.749170017836
5    0.770387591583
6    0.726942324336
7    0.743032743416
8    0.775439238367
9    0.746423003363
10   0.760170859184
11   0.743598037696
12   0.748049910589
13   0.741809566914
14   0.752393410527
15   0.739267651477
16   0.75252125863
17   0.739574051472
18   0.76292344288
19   0.765803390482
20   0.728343103107
21   0.752930307672
22   0.744673323183
23   0.742686674631
24   0.755152218362
25   0.750145986916
26   0.753878271641
27   0.741262346978
28   0.746003368279
29   0.716938606922
30   0.602653104614
31   0.278358598463
32   -0.243246923302
33   -0.58604759121
34   -0.703474194893
35   -0.768206794642
36   -0.748080981702
37   -0.747374009315
38   -0.758432262246
39   -0.73772817977
40   -0.742786165073
41   -0.752150537345
42   -0.757531726939
43   -0.750263780863
44   -0.742129182797
45   -0.772341254766
46   -0.741254148324
47   -0.753900113331
48   -0.742244305094
49   -0.746449675315
50   -0.741763183203
51   -0.752661481564
52   -0.756197996116
53   -0.747459970002
54   -0.740526922716
55   -0.76449934093
56   -0.749759169125
57   -0.75318344668
58   -0.751366951822
59   -0.749746553939
60   -0.77524783312
61   -0.762831210854
62   -0.776857233926
63   -0.809171958073
0    0.832549129019
1    0.772298759485
2    0.750387494451
3    0.755857947221
4    0.753036642004
5    0.764650053703
6    0.732948031637
7    0.747127350163
8    0.774620732714
9    0.753121297157
10   0.758059293422
11   0.747872283399
12   0.747465788896
13   0.744725064508
14   0.748696843257
15   0.732509522659
16   0.747908398216
17   0.739379318514
18   0.757483561918
19   0.76504618485
20   0.737516571302
21   0.754067173394
22   0.747364393512
23   0.737639722242
24   0.749330961153
25   0.755134627581
26   0.752882582675
27   0.740914755675
28   0.753424941367
29   0.713237486274
30   0.598529944752
31   0.274428591616
32   -0.243479948014
33   -0.589652707035
34   -0.707040410035
35   -0.767058586746
36   -0.743934477987
37   -0.747970663368
38   -0.756351194193
39   -0.740860710625
40   -0.740014144054
41   -0.754527990594
42   -0.752122780927
43   -0.753348590932
44   -0.743668685656
45   -0.765906759766
46   -0.746022453344
47   -0.750506019324
48   -0.748353051526
49   -0.743564620149
50   -0.736434962316
51   -0.752165206197
52   -0.762622898101
53   -0.74552324286
54   -0.747950578177
55   -0.758802823757
56   -0.752496387487
57   -0.750530511523
58   -0.749649611551
59   -0.749171533549
60   -0.776662048448
61   -0.76326452535
62   -0.782350529373
63   -0.818206966454
0    0.819519629408
1    0.772554245723
2    0.750423405974
3    0.758208424449
4    0.758101633255
5    0.767515522992
6    0.728355187126
7    0.744225314797
8    0.783656371575
9    0.744368255352
10   0.760122029176
11   0.750076732736
12   0.744846198933
13   0.74832757324
14   0.75198953684
15   0.741621855835
16   0.74838420199
17   0.741290067267
18   0.759498066132
19   0.767518842953
20   0.733169332892
21   0.755880675485
22   0.742065355959
23   0.74385257653
24   0.76005836821
25   0.746282617045
26   0.758038066973
27   0.742641861819
28   0.744202659902
29   0.713684059121
30   0.596269517803
31   0.26770655588
32   -0.247498862233
33   -0.596175607115
34   -0.701037216818
35   -0.764312248532
36   -0.743151724745
37   -0.745779727766
38   -0.763643086104
39   -0.737159840016
40   -0.743717462254
41   -0.751710319034
42   -0.758180844809
43   -0.753232436418
44   -0.745066155513
45   -0.76931065299
46   -0.74566784125
47   -0.749050883666
48   -0.738850355896
49   -0.743297045989
50   -0.745262365385
51   -0.759149836578
52   -0.754640872903
53   -0.746599186402
54   -0.740324204073
55   -0.765121356298
56   -0.75075349387
57   -0.755625917061
58   -0.75421571335
59   -0.743010496993
60   -0.765442248233
61   -0.763666559031
62   -0.783731697235
63   -0.820068277614
0    0.817560594771
1    0.778488342739
2    0.751357440492
3    0.762264625942
4    0.74479582238
5    0.775512576804
6    0.732165753934
7    0.751997741796
8    0.775331416707
9    0.74552846634
10   0.761692535621
11   0.743552018864
12   0.749845174997
13   0.743532749265
14   0.747213636381
15   0.739827341051
16   0.745282500868
17   0.74817583299
18   0.756212247861
19   0.761097396956
20   0.729398120542
21   0.75234442397
22   0.742943373634
23   0.746696033348
24   0.75504947038
25   0.755159389037
26   0.755673414903
27   0.743256813232
28   0.748591850904
29   0.712955515861
30   0.600522181796
31   0.274223090138
32   -0.245458396561
33   -0.585550654598
34   -0.706986742064
35   -0.765837915381
36   -0.741257025266
37   -0.747994778722
38   -0.762950594899
39   -0.744023592857
40   -0.739641986586
41   -0.75704364
42   -0.758176837401
43   -0.747827053679
44   -0.744107447104
45   -0.763293423922
46   -0.743790192705
47   -0.746558254105
48   -0.741494213847
49   -0.743753701421
50   -0.743554527624
51   -0.762030594108
52   -0.760614779232
53   -0.749710286168
54   -0.742086492633
55   -0.76187358667
56   -0.751326708361
57   -0.747718085253
58   -0.765982083772
59   -0.751881794022
60   -0.774072257269
61   -0.76799350496
62   -0.779743968571
63   -0.80391268253
