0    0.808773011022
1    0.774375555901
2    0.758624086586
3    0.758865229901
4    0.756310288042
5    0.766949972945
6    0.737334667865
7    0.747529917862
8    0.770903997863
9    0.748910064472
10   0.753198423664
11   0.752009768117
12   0.745744739248
13   0.743088538773
14   0.755019327475
15   0.745113887928
16   0.745515230548
17   0.739245908534
18   0.749600607126
19   0.75634889712
20   0.742685086363
21   0.754604854448
22   0.749361501394
23   0.747313240269
24   0.749210481513
25   0.753127584256
26   0.751575604981
27   0.742187380498
28   0.740016413011
29   0.712213342233
30   0.602025266852
31   0.273158572775
32   -0.24923135643
33   -0.590791876504
34   -0.70868072654
35   -0.758133520256
36   -0.748142253934
37   -0.751186595414
38   -0.755204778032
39   -0.743815147992
40   -0.740830827691
41   -0.75063764038
42   -0.755255325648
43   -0.753951038429
44   -0.739339815931
45   -0.758352351471
46   -0.746045139226
47   -0.754716494064
48   -0.744787823297
49   -0.748449868299
50   -0.745831371919
51   -0.751485922732
52   -0.751327655991
53   -0.744669521044
54   -0.746571395013
55   -0.76052098563
56   -0.747443796746
57   -0.758428508333
58   -0.758182244225
59   -0.751403406088
60   -0.769468253561
61   -0.761340558286
62   -0.777197084941
63   -0.809518821041
0    0.799654856543
1    0.778169112706
2    0.759903379738
3    0.756891504692
4    0.74903700591
5    0.761328145697
6    0.739326161551
7    0.748560723233
8    0.766595801683
9    0.749672260104
10   0.757041704608
11   0.752077539914
12   0.752022693441
13   0.743778125525
14   0.750291011024
15   0.741093395652
16   0.752135754805
17   0.741493401633
18   0.755124319463
19   0.757697264932
20   0.738354838175
21   0.751181187307
22   0.743744354445
23   0.748841964911
24   0.752943670263
25   0.754242470116
26   0.74921656783
27   0.744806577138
28   0.743247289019
29   0.713225335024
30   0.599227027815
31   0.281292469214
32   -0.242377418521
33   -0.589587463491
34   -0.708761789865
35   -0.759092470253
36   -0.749986017316
37   -0.754000445854
38   -0.755285389055
39   -0.748897665429
40   -0.741889778374
41   -0.751121536112
42   -0.755076676322
43   -0.748826327061
44   -0.745629334075
45   -0.761214028915
46   -0.747277422482
47   -0.752031487344
48   -0.745298095423
49   -0.748568177639
50   -0.747588043737
51   -0.749465339701
52   -0.754815070047
53   -0.74828962493
54   -0.74261805875
55   -0.753681114296
56   -0.745520542046
57   -0.756990142873
58   -0.758819054474
59   -0.750271480088
60   -0.770768988164
61   -0.763723292876
62   -0.784525525212
63   -0.800220238943
0    0.807041209355
1    0.776761907085
2    0.756806720691
3    0.754905022703
4    0.75603640058
5    0.761697767262
6    0.73700898377
7    0.746263739121
8    0.767379173774
9    0.747406624019
10   0.759068816758
11   0.755264702411
12   0.748164550268
13   0.749369615249
14   0.749859029424
15   0.742401767087
16   0.751519831372
17   0.740818604156
18   0.751704119821
19   0.758525044685
20   0.737505395744
21   0.750417889868
22   0.747142258785
23   0.748396271847
24   0.754049563516
25   0.751937046007
26   0.750186411122
27   0.744389773951
28   0.74109010042
29   0.711977176235
30   0.598320784022
31   0.280064207078
32   -0.242500697369
33   -0.59086236437
34   -0.707661185451
35   -0.756440343039
36   -0.74715303742
37   -0.753392967417
38   -0.755335750458
39   -0.74722488568
40   -0.739046597916
41   -0.752205926032
42   -0.75373462467
43   -0.750840566443
44   -0.74937510807
45   -0.756913079003
46   -0.748818701971
47   -0.754224646876
48   -0.748543166457
49   -0.747351859588
50   -0.742690208226
51   -0.753006053017
52   -0.756345924246
53   -0.749075466317
54   -0.744159945825
55   -0.760139461965
56   -0.748417867964
57   -0.75297428623
58   -0.756571667923
59   -0.75418656907
60   -0.764699145358
61   -0.765593536863
62   -0.777119225978
63   -0.806875897804
0    0.807887928523
1    0.780662655963
2    0.75360113621
3    0.75001760952
4    0.757005470803
5    0.761479016783
6    0.741345959939
7    0.742423781953
8    0.769489616757
9    0.752088441416
10   0.757487362475
11   0.755650569942
12   0.746420629845
13   0.740714941099
14   0.749620774128
15   0.742344344588
16   0.748202572534
17   0.741309152921
18   0.75228240085
19   0.760128160929
20   0.7380513696
21   0.749061693359
22   0.745837025581
23   0.748916378104
24   0.750709301254
25   0.748875226038
26   0.747988636159
27   0.745325045681
28   0.741282114803
29   0.711895516965
30   0.602378363955
31   0.288065316475
32   -0.23432137183
33   -0.588745698446
34   -0.706360586883
35   -0.757277040399
36   -0.744031934064
37   -0.750893293551
38   -0.756275639784
39   -0.74850158754
40   -0.742874927091
41   -0.755080417674
42   -0.757506744831
43   -0.748576052826
44   -0.744346567533
45   -0.760327623866
46   -0.749005817041
47   -0.750314584223
48   -0.747051439454
49   -0.749700005283
50   -0.745293260176
51   -0.7505379603
52   -0.757408538776
53   -0.746871104896
54   -0.745574748142
55   -0.758365584662
56   -0.752676094652
57   -0.752697793267
58   -0.758361958241
59   -0.753969660941
60   -0.770780969531
61   -0.764688709214
62   -0.778341162951
63   -0.801789835272
0    0.810375341741
1    0.780176289774
2    0.753710428746
3    0.758110905327
4    0.748337274807
5    0.762351618207
6    0.735998288742
7    0.741687609823
8    0.771211552636
9    0.744454893207
10   0.752547994567
11   0.752398915747
12   0.748124157077
13   0.744720535834
14   0.752728611922
15   0.744025254325
16   0.750213096959
17   0.74164831694
18   0.751832168488
19   0.759830002717
20   0.736473056793
21   0.749944629759
22   0.745214493298
23   0.749568834823
24   0.751858248384
25   0.752215317167
26   0.751364750898
27   0.744177965481
28   0.742010865775
29   0.713756814196
30   0.599221462507
31   0.279133137267
32   -0.242367013054
33   -0.589522331678
34   -0.706960211328
35   -0.757867933673
36   -0.74835519311
37   -0.750961937676
38   -0.756349352883
39   -0.743833833514
40   -0.74259513735
41   -0.750091005643
42   -0.753053008962
43   -0.749502103071
44   -0.744320720702
45   -0.761534754265
46   -0.745291878681
47   -0.753462986246
48   -0.746781295699
49   -0.746295283626
50   -0.743194836391
51   -0.751782748303
52   -0.755972781055
53   -0.748929681121
54   -0.74003138444
55   -0.761980149827
56   -0.744253158231
57   -0.755421573656
58   -0.758385116662
59   -0.74899005996
60   -0.769219899197
61   -0.763995365836
62   -0.78275111943
63   -0.805368919554
0    0.811043167262
1    0.771688852622
2    0.753626496733
3    0.756708952906
4    0.757992484445
5    0.758011812584
6    0.740575229036
7    0.753097158818
8    0.768918772792
9    0.74780377452
10   0.752384871758
11   0.752665040131
12   0.74843169096
13   0.743476411898
14   0.751783716531
15   0.743044537816
16   0.749533793985
17   0.742379411288
18   0.755979643774
19   0.76112145433
20   0.741036011607
21   0.750604745098
22   0.749092129101
23   0.748852788993
24   0.756940940066
25   0.750577394376
26   0.754199069376
27   0.745590117934
28   0.739600225425
29   0.711916809853
30   0.598629529725
31   0.273989176619
32   -0.249631936615
33   -0.593039925841
34   -0.708093017236
35   -0.757241451738
36   -0.746969539506
37   -0.751941845661
38   -0.754905667091
39   -0.74432172445
40   -0.741061724693
41   -0.753220220406
42   -0.75421843775
43   -0.751501466445
44   -0.741417709379
45   -0.762091833052
46   -0.744303908072
47   -0.752708294807
48   -0.743754892696
49   -0.751724223025
50   -0.742922036175
51   -0.749263322938
52   -0.757663195237
53   -0.750596794966
54   -0.743710941851
55   -0.757400339483
56   -0.747408870958
57   -0.756247578171
58   -0.755988204256
59   -0.754038960001
60   -0.77507288686
61   -0.762778872986
62   -0.782453822713
63   -0.80360250502
0    0.802416976168
1    0.776618917197
2    0.754850219017
3    0.752991616914
4    0.752750737552
5    0.764580131915
6    0.73404100325
7    0.744302224339
8    0.766659380121
9    0.748095948574
10   0.755825813277
11   0.74889270178
12   0.746151820753
13   0.744002141703
14   0.752080237204
15   0.743487974353
16   0.752777242737
17   0.742035613768
18   0.755673526887
19   0.759660590518
20   0.736610717922
21   0.752326671368
22   0.747536466011
23   0.746846416619
24   0.753165081493
25   0.752927275799
26   0.752247005498
27   0.742247308958
28   0.741248372934
29   0.716235729708
30   0.599554017155
31   0.280409464962
32   -0.243331231684
33   -0.588602770836
34   -0.70735915317
35   -0.759203831419
36   -0.748034573477
37   -0.750508481142
38   -0.75550029897
39   -0.744495199783
40   -0.742289130627
41   -0.750308967327
42   -0.754946435269
43   -0.750081036326
44   -0.742278362299
45   -0.762899337263
46   -0.745829926852
47   -0.754105159657
48   -0.746536562553
49   -0.749408526243
50   -0.745233418084
51   -0.748318912779
52   -0.754778237626
53   -0.749356633974
54   -0.741947230209
55   -0.759350294371
56   -0.748836661986
57   -0.754551820947
58   -0.754099838183
59   -0.754672565904
60   -0.770873346826
61   -0.762249449584
62   -0.777588610969
63   -0.801673230907
0    0.815222591764
1    0.774710502284
2    0.7564471477
3    0.755244872974
4    0.755648330212
5    0.760908259105
6    0.738366118183
7    0.746394407749
8    0.768609517046
9    0.752145756636
10   0.755684725206
11   0.75283766295
12   0.746637500912
13   0.746207103209
14   0.750152855768
15   0.738507961969
16   0.749507653396
17   0.742012228066
18   0.752217452228
19   0.758419627421
20   0.742666707651
21   0.752633926668
22   0.748784460015
23   0.743301938629
24   0.748869588637
25   0.755467455439
26   0.751480810486
27   0.74265910648
28   0.746322858617
29   0.713359574777
30   0.596870724239
31   0.277232977892
32   -0.245611696717
33   -0.591162666063
34   -0.709869304245
35   -0.757660079976
36   -0.746146509302
37   -0.749726180751
38   -0.75371119374
39   -0.745864860369
40   -0.740389501985
41   -0.75131811656
42   -0.752430104507
43   -0.752000889421
44   -0.743026034829
45   -0.759966182913
46   -0.748575737817
47   -0.751806197296
48   -0.749243905249
49   -0.747273584371
50   -0.742094504724
51   -0.749586228798
52   -0.758628503377
53   -0.748858655567
54   -0.746996524231
55   -0.757516915589
56   -0.750041475521
57   -0.753004660826
58   -0.752334103171
59   -0.753295734208
60   -0.772046584876
61   -0.762611397434
62   -0.784004765625
63   -0.808729733341
0    0.806637960333
1    0.774316203306
2    0.755641946953
3    0.754787902793
4    0.758503604786
5    0.763130540228
6    0.736688785962
7    0.743681002261
8    0.774206831428
9    0.747103405548
10   0.756581750989
11   0.75481928555
12   0.745405491166
13   0.748573918777
14   0.752730970515
15   0.744701628397
16   0.750289097023
17   0.743037393148
18   0.75465496348
19   0.760767217848
20   0.740561586455
21   0.754237872194
22   0.745583557027
23   0.748700564588
24   0.756790501297
25   0.749825237801
26   0.754510346688
27   0.74342335892
28   0.74060944836
29   0.711707839159
30   0.594505039919
31   0.271420052669
32   -0.248211622571
33   -0.59539411585
34   -0.705681285934
35   -0.75568720919
36   -0.746676339849
37   -0.749467546727
38   -0.75873357566
39   -0.744073139393
40   -0.743491906101
41   -0.749741949436
42   -0.756059484118
43   -0.752055637606
44   -0.745554585393
45   -0.761447000837
46   -0.747447698442
47   -0.750962948112
48   -0.744340293969
49   -0.747049741
50   -0.748003908708
51   -0.753951861866
52   -0.753543520293
53   -0.749255820604
54   -0.741718256096
55   -0.759897682559
56   -0.749096330528
57   -0.756732164251
58   -0.757154963861
59   -0.748532645568
60   -0.761865159152
61   -0.763483523179
62   -0.783965341013
63   -0.808857669303
0    0.805038791836
1    0.77766203252
2    0.757369650284
3    0.759090467747
4    0.749979994074
5    0.768138154678
6    0.739999463975
7    0.748715675305
8    0.769716891418
9    0.747528901766
10   0.757620037575
11   0.749079053118
12   0.748668425362
13   0.745492717986
14   0.749854636578
15   0.743872746472
16   0.747360667205
17   0.746831616564
18   0.751940193286
19   0.756409325726
20   0.73711679638
21   0.75064954014
22   0.745256135753
23   0.7493629664
24   0.753123430284
25   0.755221570083
26   0.753061680017
27   0.744393284837
28   0.743449318956
29   0.713623562107
30   0.599004653268
31   0.277270290129
32   -0.246563643601
33   -0.588570773314
34   -0.709434281548
35   -0.758325058569
36   -0.744103432978
37   -0.751280717817
38   -0.758310935262
39   -0.748545119449
40   -0.741323009584
41   -0.752412016594
42   -0.754329067333
43   -0.747404528918
44   -0.744582921371
45   -0.757188770135
46   -0.747827431407
47   -0.749268681782
48   -0.746043379637
49   -0.74732524281
50   -0.746652193387
51   -0.755734671929
52   -0.758586375737
53   -0.750659799873
54   -0.744002332501
55   -0.757883004587
56   -0.751009050354
57   -0.753264338003
58   -0.764172736103
59   -0.755303719298
60   -0.768799361925
61   -0.76475011116
62   -0.780338016144
63   -0.797908279668
