0    0.821261646211
1    0.774221781456
2    0.757166052619
3    0.762477643448
4    0.75386750182
5    0.769877432373
6    0.731842739793
7    0.747542110932
8    0.778370449688
9    0.747002764125
10   0.754846632577
11   0.747965163559
12   0.746757951964
13   0.740866794725
14   0.756144755712
15   0.7409703284
16   0.743136053096
17   0.736458673194
18   0.751894331946
19   0.760559630432
20   0.739257861519
21   0.7562640671
22   0.747885826608
23   0.744696533518
24   0.749934155374
25   0.751084892931
26   0.752659087088
27   0.740889638971
28   0.743585569749
29   0.712357657938
30   0.605484860753
31   0.271433774366
32   -0.248503043682
33   -0.589111325275
34   -0.705099739721
35   -0.764806970547
36   -0.747383699974
37   -0.750050245644
38   -0.758073795286
39   -0.739539275779
40   -0.740314831517
41   -0.752240008039
42   -0.757933878548
43   -0.756274052567
44   -0.736967143872
45   -0.763098758303
46   -0.743124154318
47   -0.754180867027
48   -0.74135146862
49   -0.745372510933
50   -0.744225055595
51   -0.754758775948
52   -0.752587027719
53   -0.742722902671
54   -0.745549811717
55   -0.764954576726
56   -0.747215385307
57   -0.756978897404
58   -0.756484412426
59   -0.749067335065
60   -0.772305061426
61   -0.761996368344
62   -0.77727754341
63   -0.81921551569
0    0.810828803705
1    0.778886799367
2    0.756832671175
3    0.758474012503
4    0.746328284323
5    0.764381105523
6    0.735758078493
7    0.751568521005
8    0.771332277042
9    0.748890559609
10   0.759673417331
11   0.749447257009
12   0.754503619817
13   0.740737447808
14   0.74917385012
15   0.735358056939
16   0.752510361845
17   0.739888321233
18   0.758971493125
19   0.76111766756
20   0.732051787836
21   0.752038653176
22   0.741573701639
23   0.746153177414
24   0.755022689182
25   0.753316291112
26   0.749328932617
27   0.745152365868
28   0.746694112454
29   0.713716408339
30   0.601028755084
31   0.280499070209
32   -0.241411538792
33   -0.587828782431
34   -0.704710019125
35   -0.766086392849
36   -0.750372585252
37   -0.752538891862
38   -0.757401356446
39   -0.745943276735
40   -0.741594685677
41   -0.753292632523
42   -0.756198757922
43   -0.749025356168
44   -0.744762090582
45   -0.768059671289
46   -0.7448316332
47   -0.751086418481
48   -0.741427217384
49   -0.746025469719
50   -0.746250403868
51   -0.752106658531
52   -0.75663644767
53   -0.747516484056
54   -0.744091829737
55   -0.754733989799
56   -0.744722425839
57   -0.754898629518
58   -0.758605084772
59   -0.747083458999
60   -0.773014909273
61   -0.76516516937
62   -0.7857375236
63   -0.808078463886
0    0.818284756301
1    0.778013292319
2    0.753883880877
3    0.756910406742
4    0.75435023487
5    0.76526903673
6    0.732432732295
7    0.746024964792
8    0.773944290103
9    0.74494252995
10   0.76246707707
11   0.752165984753
12   0.747335373119
13   0.749265933253
14   0.74827703332
15   0.737909461029
16   0.751212233517
17   0.738373979931
18   0.756096960009
19   0.7632765831
20   0.731450900686
21   0.751141140772
22   0.746076862357
23   0.746253000023
24   0.75601166083
25   0.750239894678
26   0.751867578527
27   0.744357609137
28   0.744744877217
29   0.711084880187
30   0.599926634996
31   0.278825865277
32   -0.24162425133
33   -0.590422945524
34   -0.704285009657
35   -0.762516521977
36   -0.745003250929
37   -0.753160661572
38   -0.757116138893
39   -0.744431891915
40   -0.737948449978
41   -0.753446905539
42   -0.754997667311
43   -0.751224306481
44   -0.751285518929
45   -0.759882198943
46   -0.746497015979
47   -0.752453568685
48   -0.747703418544
49   -0.744565351338
50   -0.739452120354
51   -0.75653394518
52   -0.759362458129
53   -0.747469724427
54   -0.743197593594
55   -0.764000612268
56   -0.750126277633
57   -0.75005112897
58   -0.755493447528
59   -0.750593891028
60   -0.76654453276
61   -0.767213586215
62   -0.777431476362
63   -0.816382082054
0    0.820786975596
1    0.78187404672
2    0.748524631967
3    0.750965974579
4    0.756628740389
5    0.764754816249
6    0.737719990246
7    0.741205199858
8    0.775304733993
9    0.752015163055
10   0.75972148853
11   0.753437062771
12   0.7458317103
13   0.737432751572
14   0.749520836451
15   0.737853261949
16   0.746974862858
17   0.739474015139
18   0.757815497289
19   0.765223560788
20   0.733359782285
21   0.748797539851
22   0.743793650773
23   0.746595124906
24   0.751822275936
25   0.746559188646
26   0.748438346004
27   0.746138706266
28   0.744754613604
29   0.71220901478
30   0.604976569344
31   0.28673000142
32   -0.23387634271
33   -0.589223918857
34   -0.701975455483
35   -0.763858904285
36   -0.741577981379
37   -0.748904912986
38   -0.757860811633
39   -0.745456478374
40   -0.74226095792
41   -0.758224418455
42   -0.760130857846
43   -0.74818696677
44   -0.74420811912
45   -0.765498506219
46   -0.74813853845
47   -0.747421330829
48   -0.744436472033
49   -0.747669050188
50   -0.742984935273
51   -0.753210789494
52   -0.759700618871
53   -0.744304535404
54   -0.745485934592
55   -0.761334560063
56   -0.752916450486
57   -0.750602097831
58   -0.756697166615
59   -0.751702671922
60   -0.772769480749
61   -0.767309229344
62   -0.778316693996
63   -0.810995388568
0    0.823897550509
1    0.781210899825
2    0.749578637024
3    0.760275088782
4    0.745445881184
5    0.766370475507
6    0.731019539568
7    0.740865999145
8    0.777354483066
9    0.741517480954
10   0.754337115328
11   0.750878998846
12   0.749866576064
13   0.742110648665
14   0.753072570796
15   0.741005784231
16   0.749230543677
17   0.73978956788
18   0.75568931648
19   0.764605659483
20   0.730840468334
21   0.750607446364
22   0.743088765577
23   0.747874202031
24   0.753327515858
25   0.750245411766
26   0.752546084881
27   0.743659241729
28   0.745905103912
29   0.713568083828
30   0.600988364152
31   0.277926956365
32   -0.241013706442
33   -0.588284666482
34   -0.704272533385
35   -0.765268304208
36   -0.74747740217
37   -0.748868927806
38   -0.758945472129
39   -0.738570754152
40   -0.743176476117
41   -0.751615713834
42   -0.754557334966
43   -0.750256334127
44   -0.743565685825
45   -0.767754250649
46   -0.742210374252
47   -0.752286105959
48   -0.745295520808
49   -0.743402462538
50   -0.74055592159
51   -0.754590990154
52   -0.759289923565
53   -0.747436119261
54   -0.739070249395
55   -0.76517766029
56   -0.743411237306
57   -0.754579708251
58   -0.756949227762
59   -0.744908399304
60   -0.771632142665
61   -0.765625963411
62   -0.785066616283
63   -0.813584488346
0    0.823439617534
1    0.771644659584
2    0.747748354514
3    0.760318672484
4    0.757337005892
5    0.76027954756
6    0.735930446331
7    0.756131771625
8    0.773859950017
9    0.745859078039
10   0.753882422478
11   0.749915008367
12   0.751046417585
13   0.740836789549
14   0.752408914946
15   0.73856731392
16   0.748419283134
17   0.740562154899
18   0.76110786644
19   0.765169430629
20   0.735862485092
21   0.750717516721
22   0.747891582417
23   0.745952484599
24   0.759150842511
25   0.747044445135
26   0.757084087546
27   0.745906460908
28   0.742153782668
29   0.711873989629
30   0.599494911684
31   0.272150857172
32   -0.248459332743
33   -0.591936331329
34   -0.704747163286
35   -0.764849232997
36   -0.744324045621
37   -0.750035292315
38   -0.758096438199
39   -0.740128210972
40   -0.740179938923
41   -0.755605931309
42   -0.755699391924
43   -0.752603094605
44   -0.739957865006
45   -0.769467224252
46   -0.741180914167
47   -0.752760234766
48   -0.740568733861
49   -0.750029866268
50   -0.739841319359
51   -0.749492833277
52   -0.76143155703
53   -0.749831331044
54   -0.743462571241
55   -0.759620160771
56   -0.747845814317
57   -0.753832343902
58   -0.753329853378
59   -0.75211538356
60   -0.779190158517
61   -0.763587699855
62   -0.783630098801
63   -0.811907613842
0    0.813650735911
1    0.775905526501
2    0.750830388155
3    0.755969792166
4    0.750391547226
5    0.769009055664
6    0.728546785619
7    0.743249216546
8    0.773622286039
9    0.746822804214
10   0.759069263175
11   0.74500931099
12   0.747329049498
13   0.742385085396
14   0.752643586547
15   0.73992256407
16   0.752669083687
17   0.740092850732
18   0.761001384449
19   0.764350798531
20   0.730416538621
21   0.752779601215
22   0.745325271979
23   0.743923962698
24   0.754626490199
25   0.750897002206
26   0.753410238356
27   0.741493174467
28   0.744818124223
29   0.717065947637
30   0.601419182003
31   0.279139539642
32   -0.243273910333
33   -0.586818486735
34   -0.704256682114
35   -0.766053310243
36   -0.7480231764
37   -0.748341146923
38   -0.757559888181
39   -0.73980840673
40   -0.742538399751
41   -0.75143057391
42   -0.756765702155
43   -0.750426613176
44   -0.741949107775
45   -0.769859531976
46   -0.742526626789
47   -0.753996645196
48   -0.743589005612
49   -0.747289566112
50   -0.742631085354
51   -0.751321591177
52   -0.755970051871
53   -0.748102391922
54   -0.740646235973
55   -0.763410305429
56   -0.749306698877
57   -0.753569733246
58   -0.752118544821
59   -0.751178446978
60   -0.774264804702
61   -0.763049091075
62   -0.777984832083
63   -0.809725683885
0    0.830399035037
1    0.774048523301
2    0.752327008446
3    0.755894558505
4    0.753918881798
5    0.763903858048
6    0.734079680754
7    0.746778854281
8    0.773584888136
9    0.752785216617
10   0.757446449837
11   0.749254099299
12   0.746987062698
13   0.745039417593
14   0.749323973956
15   0.733712069583
16   0.748357016078
17   0.740012886726
18   0.756056326268
19   0.763470384845
20   0.738802180944
21   0.75367126883
22   0.747639085709
23   0.739245339341
24   0.749199886725
25   0.755257868582
26   0.752501374717
27   0.741313810674
28   0.751644305695
29   0.71352755354
30   0.597713891705
31   0.275436006866
32   -0.244072828228
33   -0.590155773422
34   -0.707558260501
35   -0.764792243143
36   -0.744482337107
37   -0.748550663446
38   -0.755661257923
39   -0.742486800138
40   -0.739863365806
41   -0.753466215081
42   -0.752191066894
43   -0.753179775711
44   -0.743204486636
45   -0.764452996616
46   -0.746666467397
47   -0.751008987199
48   -0.748718320879
49   -0.744491121356
50   -0.737862492701
51   -0.751298848452
52   -0.761767928604
53   -0.746492552155
54   -0.747498296
55   -0.758565821657
56   -0.751717460605
57   -0.751327087413
58   -0.750399788199
59   -0.750364948363
60   -0.775513092947
61   -0.763528479615
62   -0.783755972762
63   -0.818237159502
0    0.818509621585
1    0.774094589154
2    0.752119909002
3    0.757525367251
4    0.758511198136
5    0.766612748944
6    0.73022702112
7    0.743894275736
8    0.781710619718
9    0.74507303179
10   0.759160551237
11   0.751346868426
12   0.744736952181
13   0.748389503721
14   0.7524687957
15   0.742021309957
16   0.748928554281
17   0.741660695501
18   0.758221269901
19   0.765938070431
20   0.735077226431
21   0.755330797693
22   0.742858306143
23   0.745361026318
24   0.759267898906
25   0.747032923729
26   0.757150286326
27   0.74282427712
28   0.743322913309
29   0.713332354421
30   0.595468179016
31   0.268914734669
32   -0.247642167742
33   -0.596159053848
34   -0.701991811841
35   -0.762191585848
36   -0.744103370258
37   -0.746890791043
38   -0.762292178929
39   -0.739207863426
40   -0.743580542723
41   -0.750924489101
42   -0.757526959313
43   -0.753076234618
44   -0.745061070265
45   -0.76732598388
46   -0.746026098132
47   -0.749642106319
48   -0.740478114009
49   -0.744238416794
50   -0.745949686037
51   -0.757656710419
52   -0.754478113476
53   -0.747446251037
54   -0.740469427434
55   -0.763911682564
56   -0.750173918878
57   -0.756002992982
58   -0.755172116879
59   -0.744480956732
60   -0.764471943756
61   -0.76397700354
62   -0.784805473728
63   -0.819736813362
0    0.816608875267
1    0.779385275809
2    0.753381168407
3    0.761637657395
4    0.746306016134
5    0.773771533738
6    0.73396410152
7    0.751089505373
8    0.77436225683
9    0.745917429891
10   0.760693124226
11   0.744984183732
12   0.749354739797
13   0.743978462041
14   0.748178879304
15   0.740441523708
16   0.745841209931
17   0.747763141008
18   0.755087119721
19   0.760004292227
20   0.731377012175
21   0.75182351251
22   0.743459974845
23   0.747596300558
24   0.754536917388
25   0.755142694729
26   0.755062468527
27   0.743543177565
28   0.747337857388
29   0.713334457308
30   0.599748850651
31   0.275235329205
32   -0.245807775351
33   -0.586450161323
34   -0.707385513115
35   -0.764116936581
36   -0.741938343108
37   -0.748932013012
38   -0.761681367535
39   -0.745504274509
40   -0.73998035126
41   -0.755635751466
42   -0.75705660173
43   -0.747808922927
44   -0.744074519205
45   -0.761732562778
46   -0.744842429058
47   -0.747291076211
48   -0.742851749233
49   -0.744628291134
50   -0.744295501864
51   -0.760299639554
52   -0.760282301147
53   -0.750120030803
54   -0.742342410516
55   -0.760933271289
56   -0.751049028402
57   -0.74923041396
58   -0.765719403889
59   -0.752900631664
60   -0.772858233455
61   -0.767497846425
62   -0.780835331739
63   -0.80486638678
