0    0.811605931032
1    0.774904957072
2    0.75863391208
3    0.759489253141
4    0.75608296786
5    0.767412156052
6    0.736473285103
7    0.747545046279
8    0.772030649
9    0.74868274718
10   0.753360964856
11   0.751529502019
12   0.745776293989
13   0.742782306398
14   0.755247449703
15   0.744445380398
16   0.745202498138
17   0.738841016393
18   0.749883020783
19   0.756941051908
20   0.742275115452
21   0.754815138599
22   0.749141387949
23   0.746997455037
24   0.749290051547
25   0.752874272678
26   0.751718398228
27   0.742007005941
28   0.740487799599
29   0.712291817943
30   0.602386587693
31   0.273017047448
32   -0.249140508168
33   -0.590589157421
34   -0.708157756661
35   -0.75905936355
36   -0.748053023165
37   -0.751100629604
38   -0.755569069748
39   -0.743325937291
40   -0.7406907399
41   -0.750792451437
42   -0.755580743486
43   -0.754337368214
44   -0.738919176614
45   -0.758975710342
46   -0.745628454647
47   -0.75472181882
48   -0.744384711651
49   -0.748065805913
50   -0.745628517463
51   -0.75188912645
52   -0.751534450247
53   -0.744444753943
54   -0.746351669033
55   -0.761148696768
56   -0.747328451887
57   -0.758274037473
58   -0.75802056102
59   -0.751146611866
60   -0.76995079438
61   -0.761604771069
62   -0.777675197954
63   -0.812082814469
0    0.802301657049
1    0.778824650147
2    0.759712565976
3    0.757196019073
4    0.7487595402
5    0.761838343457
6    0.738756852032
7    0.748922804438
8    0.767416804474
9    0.74956286332
10   0.757371997956
11   0.751736274057
12   0.752279254647
13   0.743399778916
14   0.750196432469
15   0.740217277023
16   0.752220261512
17   0.741222810154
18   0.755615181618
19   0.758187424571
20   0.737546790298
21   0.751262287877
22   0.743407374459
23   0.748540309271
24   0.753218855017
25   0.754129983174
26   0.749228402229
27   0.744847444164
28   0.743726788499
29   0.713338312588
30   0.599354890431
31   0.281272673403
32   -0.242239801678
33   -0.58937123361
34   -0.70818873626
35   -0.760057247858
36   -0.750039898169
37   -0.753853117594
38   -0.755535952602
39   -0.748618768919
40   -0.741784771459
41   -0.751322412451
42   -0.755230400344
43   -0.748896468011
44   -0.745479277034
45   -0.762098474414
46   -0.746931611157
47   -0.751969344195
48   -0.744839102415
49   -0.748234578692
50   -0.747419883462
51   -0.749759862965
52   -0.755122968611
53   -0.748259393211
54   -0.742703423668
55   -0.753855397659
56   -0.74533043566
57   -0.756758143325
58   -0.758839040895
59   -0.749901227097
60   -0.771135579921
61   -0.764109257992
62   -0.785177379092
63   -0.802549325412
0    0.809727757951
1    0.777480604027
2    0.756573919207
3    0.755283747262
4    0.755952439666
5    0.762259063519
6    0.736275092898
7    0.746234460677
8    0.768387519008
9    0.747063873088
10   0.759516026542
11   0.754891125938
12   0.747974417246
13   0.749357895215
14   0.749711802237
15   0.741661604013
16   0.751518594422
17   0.740465287271
18   0.752242398391
19   0.759202844469
20   0.736718573476
21   0.750496013109
22   0.746962098051
23   0.748161503911
24   0.754314015546
25   0.751714238398
26   0.750373197027
27   0.744396569202
28   0.741567909351
29   0.711948046401
30   0.598407612004
31   0.28000834931
32   -0.242370658753
33   -0.590845037885
34   -0.707166674084
35   -0.757277040399
36   -0.746889910504
37   -0.753390245265
38   -0.755555365969
39   -0.746963941367
40   -0.738823090975
41   -0.752330119125
42   -0.753859451122
43   -0.750935098335
44   -0.749553056939
45   -0.757296424042
46   -0.748480168772
47   -0.75408976547
48   -0.748495035868
49   -0.746989164689
50   -0.742252631472
51   -0.753443993312
52   -0.756765193997
53   -0.748934155837
54   -0.743946518378
55   -0.760712344114
56   -0.748562129538
57   -0.752601639719
58   -0.756456027454
59   -0.753803274124
60   -0.765002993736
61   -0.766027729675
62   -0.777631611658
63   -0.809398366085
0    0.810789168435
1    0.781386959805
2    0.753099179725
3    0.750246537699
4    0.75706194576
5    0.761967994399
6    0.740766887636
7    0.742227900702
8    0.770433716041
9    0.752092487304
10   0.757775045069
11   0.755394984354
12   0.746246895642
13   0.740284260635
14   0.74965468532
15   0.741614246717
16   0.748068529147
17   0.741036807052
18   0.752986227241
19   0.760856457163
20   0.737417013207
21   0.749028663895
22   0.745523601924
23   0.748648126371
24   0.75089115115
25   0.748572001487
26   0.748023166962
27   0.745449727768
28   0.741730194296
29   0.711999637214
30   0.602619108734
31   0.287978621189
32   -0.234247839482
33   -0.588830541175
34   -0.705762770444
35   -0.75817372054
36   -0.743706365055
37   -0.750667123346
38   -0.756479268781
39   -0.748192886647
40   -0.742719332536
41   -0.75543571965
42   -0.757876391163
43   -0.748552994454
44   -0.744255102862
45   -0.761024169185
46   -0.748858025372
47   -0.749995417864
48   -0.746750543563
49   -0.749419308572
50   -0.744999233206
51   -0.750844607704
52   -0.757787177793
53   -0.746580637765
54   -0.745472682327
55   -0.758767371697
56   -0.752681661599
57   -0.752429788282
58   -0.758206861546
59   -0.753698845227
60   -0.771167348944
61   -0.765227241175
62   -0.778794044045
63   -0.804266451579
0    0.81336463025
1    0.780861744405
2    0.753322240243
3    0.758552402222
4    0.747964486457
5    0.762997260273
6    0.73524456839
7    0.741540083185
8    0.772199410572
9    0.744069891897
10   0.75274119102
11   0.752227902723
12   0.748293617013
13   0.744401552357
14   0.752843502628
15   0.743482419857
16   0.750117159742
17   0.741354252692
18   0.752304311631
19   0.760533776486
20   0.735737515734
21   0.75000386991
22   0.744894988187
23   0.749404887217
24   0.752049892273
25   0.75197930865
26   0.751513084354
27   0.744111921901
28   0.742531012388
29   0.713798736467
30   0.599334334002
31   0.279043409537
32   -0.242208817717
33   -0.589393047924
34   -0.706534123818
35   -0.758876850694
36   -0.748248812326
37   -0.750729564447
38   -0.756675825645
39   -0.743229051316
40   -0.74261805875
41   -0.750228756446
42   -0.753254969972
43   -0.74964261087
44   -0.74414213233
45   -0.762353433895
46   -0.744838537514
47   -0.75338986543
48   -0.746627670233
49   -0.745924237581
50   -0.742842791449
51   -0.752124045439
52   -0.756458122961
53   -0.748825570851
54   -0.739772247803
55   -0.762453404437
56   -0.744058588763
57   -0.755326426431
58   -0.758284216038
59   -0.748463349061
60   -0.769641063795
61   -0.764393469088
62   -0.783509068541
63   -0.807750481555
0    0.813895240115
1    0.772198088791
2    0.753016768336
3    0.757274509033
4    0.758037396657
5    0.758356081351
6    0.739888548764
7    0.753506645766
8    0.769712916212
9    0.747564351613
10   0.752548106902
11   0.752337570155
12   0.748670116926
13   0.743165082216
14   0.75192322034
15   0.742307120336
16   0.749428889473
17   0.742110762178
18   0.756639592389
19   0.761731827916
20   0.740362156138
21   0.750583472379
22   0.748880525166
23   0.748542452192
24   0.757238171854
25   0.750110966296
26   0.754547231562
27   0.745640567603
28   0.739926545719
29   0.711970508034
30   0.598641846125
31   0.27384387074
32   -0.24948061976
33   -0.592924205777
34   -0.70759932036
35   -0.758264304318
36   -0.746653765404
37   -0.751732691913
38   -0.755274606717
39   -0.743863680912
40   -0.740895158378
41   -0.753483435708
42   -0.754416515183
43   -0.751726751044
44   -0.741124819554
45   -0.763047812672
46   -0.743875281507
47   -0.752759412309
48   -0.743373569025
49   -0.751515114783
50   -0.742496067833
51   -0.749280723525
52   -0.758207942941
53   -0.750568766002
54   -0.743602546384
55   -0.757723022849
56   -0.747376840991
57   -0.755962879865
58   -0.755690635569
59   -0.753872688326
60   -0.775692000243
61   -0.763068075554
62   -0.783082089012
63   -0.805966047116
0    0.805090166864
1    0.777053635149
2    0.754521333814
3    0.753468151255
4    0.752559677274
5    0.76523132512
6    0.733231178524
7    0.744138543766
8    0.767728531435
9    0.747938304812
10   0.756238101856
11   0.748401009508
12   0.746235365043
13   0.74380656941
14   0.752249365227
15   0.742865452091
16   0.75279790731
17   0.741731102745
18   0.756357514014
19   0.760315774394
20   0.735785037915
21   0.752396668722
22   0.747222897025
23   0.746493754215
24   0.753364668871
25   0.7526713301
26   0.752385882932
27   0.742138685979
28   0.741725311369
29   0.716445736332
30   0.599658474096
31   0.280331200143
32   -0.243329635156
33   -0.588394053763
34   -0.706893071765
35   -0.760161068189
36   -0.748012031317
37   -0.750265106135
38   -0.755742794121
39   -0.74399944765
40   -0.742281993467
41   -0.750364948363
42   -0.755166345796
43   -0.750195626371
44   -0.742146522284
45   -0.763805169263
46   -0.745410003377
47   -0.754125432198
48   -0.746229158972
49   -0.749154260938
50   -0.744892706653
51   -0.7486362213
52   -0.754980483994
53   -0.749244220468
54   -0.741690162037
55   -0.759967967171
56   -0.748820718518
57   -0.754433498696
58   -0.753868444802
59   -0.754288070866
60   -0.771429079034
61   -0.762556132185
62   -0.77809143899
63   -0.804002711274
0    0.818448624775
1    0.775158790008
2    0.756080057469
3    0.755444381753
4    0.755513937219
5    0.761393062024
6    0.737705396543
7    0.746403110848
8    0.769449081786
9    0.752214081077
10   0.755893662833
11   0.752404757988
12   0.746590830704
13   0.746047013106
14   0.750114457152
15   0.73774837895
16   0.749379194021
17   0.741725311369
18   0.752695478719
19   0.759124394126
20   0.742159004027
21   0.752768819555
22   0.74860549715
23   0.742798981463
24   0.748921564272
25   0.755453342471
26   0.751607088709
27   0.742460888389
28   0.747034731017
29   0.713462725025
30   0.596857664083
31   0.277096003843
32   -0.245427465085
33   -0.591054913039
34   -0.709516738928
35   -0.758646449526
36   -0.745918582456
37   -0.749599346491
38   -0.753972321328
39   -0.745540578488
40   -0.740241103806
41   -0.75151277686
42   -0.752410878205
43   -0.752210099277
44   -0.742936507629
45   -0.760584045077
46   -0.748305937841
47   -0.751771877258
48   -0.749220011922
49   -0.746896137188
50   -0.74153906833
51   -0.749749203115
52   -0.759097818362
53   -0.748586133156
54   -0.746986585716
55   -0.757695047749
56   -0.75020212609
57   -0.752838054857
58   -0.75210855527
59   -0.752976627572
60   -0.772572703755
61   -0.76294273352
62   -0.784446571169
63   -0.811253400115
0    0.809412723243
1    0.774818061329
2    0.755346480678
3    0.755265374588
4    0.758626877929
5    0.763685256402
6    0.735741514082
7    0.74365028804
8    0.775373800131
9    0.74684155861
10   0.756889379587
11   0.754377370469
12   0.745236559489
13   0.748567039071
14   0.752780275065
15   0.744205605067
16   0.75013337513
17   0.742816904013
18   0.755111546214
19   0.761500838318
20   0.739853053298
21   0.754348889284
22   0.745190502835
23   0.748328362906
24   0.757145701755
25   0.749401168505
26   0.754866021615
27   0.743330622811
28   0.740981465303
29   0.711961032094
30   0.594524380208
31   0.271184755332
32   -0.248131103238
33   -0.595545802407
34   -0.705137260303
35   -0.756568619567
36   -0.746346765827
37   -0.749168570708
38   -0.759185875264
39   -0.743528011726
40   -0.74347285088
41   -0.74980452203
42   -0.756223389947
43   -0.752237731653
44   -0.745439646639
45   -0.762236484239
46   -0.747213057415
47   -0.750831726242
48   -0.743901179536
49   -0.746672944217
50   -0.74773457769
51   -0.754388759167
52   -0.753705811036
53   -0.749077672482
54   -0.741479950919
55   -0.76047527161
56   -0.749166553459
57   -0.756678112156
58   -0.756975021877
59   -0.748038036703
60   -0.76223916671
61   -0.763740371225
62   -0.784562816675
63   -0.811589578963
0    0.807765266176
1    0.778422446943
2    0.757054565056
3    0.75954235302
4    0.749574468284
5    0.768953030411
6    0.739131152607
7    0.749007921284
8    0.770510070517
9    0.747284331319
10   0.758022314423
11   0.748534669981
12   0.748702030563
13   0.745286461233
14   0.74972272956
15   0.743264069715
16   0.747169929502
17   0.746924819363
18   0.752346895826
19   0.756921255685
20   0.736369056427
21   0.750784363356
22   0.744995615581
23   0.749182529064
24   0.753309668452
25   0.755207789752
26   0.753339526198
27   0.744285007989
28   0.743976875824
29   0.713645518975
30   0.598981797487
31   0.277087871548
32   -0.24649118846
33   -0.5883240617
34   -0.709106458033
35   -0.75915747718
36   -0.743793954768
37   -0.750991872284
38   -0.758737776235
39   -0.748258763393
40   -0.741111750024
41   -0.752759981702
42   -0.7546602689
43   -0.747477905631
44   -0.744454165287
45   -0.757793027606
46   -0.747426931529
47   -0.749038970752
48   -0.745675630809
49   -0.746955512768
50   -0.746332747822
51   -0.756295448455
52   -0.758884234593
53   -0.750642059613
54   -0.743702289844
55   -0.758313225515
56   -0.750927267699
57   -0.75277301456
58   -0.764460357793
59   -0.755065832822
60   -0.769437181768
61   -0.765300143633
62   -0.780867150141
63   -0.80009002024
