0    0.821989107028
1    0.773544628831
2    0.756680426179
3    0.762900985303
4    0.753342893557
5    0.770249646894
6    0.731168052533
7    0.747542336728
8    0.779362528729
9    0.746672078402
10   0.755164991092
11   0.747230576518
12   0.747088722245
13   0.740543168674
14   0.756179453737
15   0.740484274975
16   0.742760072544
17   0.73604705477
18   0.752299255339
19   0.761187275021
20   0.738644545925
21   0.756553332518
22   0.747695640579
23   0.744199035071
24   0.750085966904
25   0.750729220832
26   0.752847770064
27   0.740686409139
28   0.744146473546
29   0.71227392462
30   0.606209753944
31   0.271022768791
32   -0.248375737071
33   -0.588790696414
34   -0.704637965798
35   -0.765810866092
36   -0.747234197391
37   -0.749745355505
38   -0.758568239762
39   -0.73873861811
40   -0.740347885789
41   -0.752587090974
42   -0.758426281442
43   -0.756518196038
44   -0.736737812858
45   -0.763865429448
46   -0.742686638208
47   -0.753992021082
48   -0.740716493077
49   -0.744841487554
50   -0.743961318224
51   -0.755340888225
52   -0.75272417385
53   -0.74234516537
54   -0.745523054431
55   -0.765609557753
56   -0.747286294239
57   -0.756706503433
58   -0.756129245554
59   -0.748638111467
60   -0.772672926752
61   -0.761915214545
62   -0.776730086869
63   -0.819329585505
0    0.811362455144
1    0.778327317281
2    0.756067632241
3    0.758651329763
4    0.745772109367
5    0.764738059418
6    0.735330286007
7    0.752132608141
8    0.77179387213
9    0.748792127526
10   0.760102853269
11   0.749016939863
12   0.755024370032
13   0.740231379209
14   0.74888153989
15   0.734606255427
16   0.752516428111
17   0.739716520531
18   0.759623001433
19   0.761609048281
20   0.730998649576
21   0.752243297341
22   0.741300178165
23   0.745614211927
24   0.75537022873
25   0.753148129324
26   0.749358007908
27   0.745211211618
28   0.747202342797
29   0.713714890169
30   0.601504108259
31   0.280241940151
32   -0.241275420439
33   -0.587505775743
34   -0.704144886558
35   -0.767146320555
36   -0.750424277796
37   -0.752212818218
38   -0.757797923672
39   -0.745298597787
40   -0.741651682591
41   -0.753774521842
42   -0.756392783299
43   -0.748974051019
44   -0.744676989049
45   -0.769197003014
46   -0.744456173052
47   -0.750848775271
48   -0.740710867327
49   -0.74561224817
50   -0.746031879548
51   -0.752623906034
52   -0.756824967906
53   -0.747278869643
54   -0.744493882135
55   -0.754855707734
56   -0.744707238174
57   -0.754491422248
58   -0.758506770799
59   -0.746526502863
60   -0.773348419352
61   -0.765177211896
62   -0.785357108868
63   -0.807878425991
0    0.818792682217
1    0.777552039947
2    0.753236816301
3    0.757126468689
4    0.753871540516
5    0.765730001674
6    0.731894117142
7    0.7459946617
8    0.774785871735
9    0.744590667373
10   0.763002818591
11   0.751617320707
12   0.747330404563
13   0.749265707846
14   0.747887293778
15   0.737408687739
16   0.751107167454
17   0.738017404562
18   0.756872714135
19   0.763963942912
20   0.73046500339
21   0.751295356124
22   0.745966053834
23   0.745814294076
24   0.756334237037
25   0.749962199447
26   0.752189808455
27   0.744336656149
28   0.745334323831
29   0.710791409555
30   0.600397215052
31   0.278459306196
32   -0.241507530821
33   -0.59026956022
34   -0.703843733552
35   -0.763432813721
36   -0.74462490245
37   -0.753065286217
38   -0.757445913148
39   -0.743809253973
40   -0.737890230101
41   -0.75370650762
42   -0.755290272859
43   -0.751204408505
44   -0.751698374397
45   -0.760389842365
46   -0.746148960411
47   -0.752030475827
48   -0.747466892488
49   -0.744106004526
50   -0.738954680722
51   -0.757156107664
52   -0.75981141065
53   -0.74710648351
54   -0.74318242907
55   -0.764517904863
56   -0.75051428853
57   -0.749556840746
58   -0.755293761304
59   -0.749905075307
60   -0.766815449648
61   -0.76722693719
62   -0.776924248615
63   -0.816497582267
0    0.821566994688
1    0.781404858774
2    0.747493676469
3    0.751011878513
4    0.756424544207
5    0.76521879124
6    0.737293834835
7    0.741074874033
8    0.775966321125
9    0.752010105302
10   0.760064165873
11   0.753031140293
12   0.745894700214
13   0.736915080355
14   0.749403422271
15   0.7373277104
16   0.746741003819
17   0.739215854683
18   0.75875270359
19   0.765962787496
20   0.732632374979
21   0.748765178221
22   0.743532522562
23   0.746134410103
24   0.751960425562
25   0.746179971097
26   0.748550572696
27   0.746243617348
28   0.745321538066
29   0.712149364185
30   0.605572044842
31   0.286379757389
32   -0.233826413581
33   -0.58925368092
34   -0.701327309622
35   -0.7648786897
36   -0.741174660431
37   -0.748505682356
38   -0.758136318957
39   -0.744824415104
40   -0.742276797145
41   -0.758830193353
42   -0.760533609953
43   -0.748076070011
44   -0.744290420533
45   -0.76630883127
46   -0.748035958766
47   -0.746873431992
48   -0.743938554145
49   -0.747368597688
50   -0.742595638359
51   -0.753725442213
52   -0.759945090676
53   -0.743818095014
54   -0.745611934093
55   -0.761796528598
56   -0.752982575872
57   -0.750257848713
58   -0.756342940072
59   -0.751326582011
60   -0.772972493989
61   -0.767519933257
62   -0.77777392275
63   -0.811067547297
0    0.824768791131
1    0.780726220047
2    0.748727741162
3    0.760450972495
4    0.744969808846
5    0.766859282496
6    0.730364855592
7    0.740809056692
8    0.778075491984
9    0.741059988311
10   0.754668639334
11   0.75058943779
12   0.750248001409
13   0.741675799408
14   0.752992852043
15   0.740733924063
16   0.749026183823
17   0.739551973779
18   0.756374523771
19   0.765263934654
20   0.729932566025
21   0.750764669946
22   0.742812593556
23   0.74747516011
24   0.753583293686
25   0.749897212584
26   0.752749502123
27   0.743567434275
28   0.746511836697
29   0.713421139116
30   0.601475168815
31   0.277629518581
32   -0.240771094271
33   -0.588017743044
34   -0.703978512111
35   -0.766399449514
36   -0.747311022316
37   -0.748446781607
38   -0.759399268726
39   -0.737598683038
40   -0.743349564855
41   -0.751954741431
42   -0.754816211176
43   -0.750306127336
44   -0.743551706751
45   -0.768767925188
46   -0.741764622406
47   -0.751988688444
48   -0.744990632822
49   -0.742914769203
50   -0.740143704088
51   -0.755103880709
52   -0.759750183773
53   -0.747049803905
54   -0.739107007026
55   -0.765625899326
56   -0.74338046328
57   -0.754426464445
58   -0.756590974389
59   -0.744261940467
60   -0.771938427721
61   -0.765696779982
62   -0.784913790284
63   -0.813440888019
0    0.824116660602
1    0.771026964957
2    0.746596028947
3    0.760834510155
4    0.757055571519
5    0.760581806345
6    0.735297257022
7    0.756634781723
8    0.774438641649
9    0.745540005092
10   0.754152750745
11   0.749416043267
12   0.751638121699
13   0.740372049001
14   0.752389815265
15   0.738071428946
16   0.748175494511
17   0.740302455749
18   0.761969329772
19   0.765705167988
20   0.735030356518
21   0.750802030828
22   0.747775782722
23   0.745341112667
24   0.759510671919
25   0.746476801592
26   0.757602043079
27   0.745944682206
28   0.742572880198
29   0.711761080519
30   0.599806501522
31   0.271708895553
32   -0.248270832099
33   -0.591694496629
34   -0.704318822945
35   -0.766034781897
36   -0.74383960227
37   -0.749640214252
38   -0.758703981199
39   -0.739307606428
40   -0.740118465426
41   -0.756070973155
42   -0.755954882822
43   -0.752650853998
44   -0.739871485016
45   -0.770690597493
46   -0.740678551128
47   -0.752720694357
48   -0.739984723646
49   -0.749730722107
50   -0.739388194556
51   -0.749552678559
52   -0.761965144742
53   -0.749592913755
54   -0.74353133401
55   -0.759943115293
56   -0.748038792318
57   -0.753390118653
58   -0.752840016254
59   -0.751694835273
60   -0.779822617183
61   -0.763521061344
62   -0.783257985626
63   -0.811827005013
0    0.814165773406
1    0.77516867402
2    0.749913318907
3    0.756389295167
4    0.749842696949
5    0.76965770338
6    0.727780056137
7    0.743135486113
8    0.774508976467
9    0.746628912853
10   0.759589872789
11   0.744352512505
12   0.747645294484
13   0.742114167561
14   0.752557655277
15   0.739581789929
16   0.752605058799
17   0.739842586445
18   0.761895547747
19   0.765042634791
20   0.729439737089
21   0.752849005371
22   0.745011461491
23   0.74336497472
24   0.754868263098
25   0.750549142432
26   0.753624813532
27   0.741383560772
28   0.74537686644
29   0.717032891825
30   0.601958471848
31   0.278794564592
32   -0.243260150657
33   -0.586470626239
34   -0.703868856296
35   -0.767073668455
36   -0.748047607863
37   -0.747905435192
38   -0.757956073124
39   -0.738862771977
40   -0.742642922174
41   -0.751748934684
42   -0.757111881582
43   -0.750368735243
44   -0.742018329859
45   -0.77101437716
46   -0.741942849233
47   -0.753950785064
48   -0.742980549749
49   -0.746904376597
50   -0.742220641027
51   -0.751929961472
52   -0.756088746512
53   -0.747814462844
54   -0.740570546342
55   -0.763939064393
56   -0.749500841869
57   -0.753392397663
58   -0.751767769045
59   -0.750518644094
60   -0.774725349612
61   -0.762963058188
62   -0.777512796761
63   -0.809598708288
0    0.831517428307
1    0.773297757652
2    0.751444037249
3    0.755884146258
4    0.753520000657
5    0.764267532837
6    0.733529816186
7    0.746925271235
8    0.774110310427
9    0.752932441207
10   0.75773738504
11   0.748615759906
12   0.747188903266
13   0.744883668387
14   0.749054591552
15   0.733124206073
16   0.748147625945
17   0.739714699968
18   0.756719020969
19   0.76421945762
20   0.738193713869
21   0.753852805314
22   0.747502144202
23   0.738511379643
24   0.749257255034
25   0.755203420339
26   0.752678406267
27   0.741123279504
28   0.75248216446
29   0.713415181442
30   0.598061303639
31   0.274988160642
32   -0.24379767897
33   -0.589933829633
34   -0.707293316801
35   -0.765865670508
36   -0.744224365585
37   -0.748294096782
38   -0.755981984171
39   -0.74175342171
40   -0.739911082726
41   -0.753945021025
42   -0.752154520676
43   -0.753275351882
44   -0.743399015329
45   -0.765138906918
46   -0.746366818831
47   -0.750784874482
48   -0.748559105501
49   -0.744056330926
50   -0.737189675738
51   -0.751685861121
52   -0.762183347244
53   -0.746047527243
54   -0.747693913624
55   -0.758682724642
56   -0.752071379844
57   -0.750968126614
58   -0.750051949202
59   -0.749813479315
60   -0.776042917196
61   -0.763429168878
62   -0.783155587468
63   -0.818352131086
0    0.81909741908
1    0.773436602686
2    0.751347318304
3    0.757851478275
4    0.758342344147
5    0.767049955445
6    0.729329253997
7    0.744031145693
8    0.782658953177
9    0.744742386498
10   0.759608500815
11   0.750757355153
12   0.744766048078
13   0.748356790466
14   0.752271164366
15   0.741804003088
16   0.748677108693
17   0.741482951936
18   0.758817229155
19   0.766691167824
20   0.734181974397
21   0.755575760239
22   0.742477001458
23   0.744681588389
24   0.759639063411
25   0.746669253489
26   0.757567059065
27   0.742739199497
28   0.743737894745
29   0.713512485665
30   0.595812167215
31   0.268368618828
32   -0.247569481721
33   -0.596185236266
34   -0.701519870035
35   -0.763193241513
36   -0.74366341943
37   -0.746388066653
38   -0.762914356373
39   -0.738271775336
40   -0.743638217163
41   -0.751268272938
42   -0.757821577729
43   -0.753162180563
44   -0.745053913293
45   -0.768257104231
46   -0.745852859688
47   -0.749371766314
48   -0.739735902842
49   -0.743796149312
50   -0.745624560043
51   -0.758341854113
52   -0.75456519408
53   -0.747062196397
54   -0.740384315488
55   -0.764488138724
56   -0.750435639153
57   -0.755832269506
58   -0.754738934301
59   -0.743792826148
60   -0.76491269406
61   -0.763847901164
62   -0.784363313733
63   -0.820028149642
0    0.817166199724
1    0.779030887543
2    0.752466099458
3    0.761936612623
4    0.745611157791
5    0.774595239763
6    0.733104734481
7    0.751507799157
8    0.77485178788
9    0.745722910475
10   0.76116778542
11   0.744316948613
12   0.74956646876
13   0.743763053338
14   0.747752869497
15   0.740121285892
16   0.745581747115
17   0.74795139572
18   0.75561148593
19   0.760524861177
20   0.730448351068
21   0.752058321513
22   0.74321100547
23   0.747197825327
24   0.754773780231
25   0.755146504193
26   0.755355218235
27   0.743407034361
28   0.747931872148
29   0.713176494855
30   0.600076585291
31   0.274779332556
32   -0.245648272791
33   -0.586042236127
34   -0.707174834349
35   -0.764940039271
36   -0.741616958508
37   -0.74850398143
38   -0.762267141483
39   -0.744837219414
40   -0.739813840049
41   -0.756276973047
42   -0.757565800235
43   -0.747827431407
44   -0.744079223124
45   -0.76246292292
46   -0.744353656708
47   -0.746946769744
48   -0.742234789317
49   -0.744216399138
50   -0.743941438821
51   -0.761100466008
52   -0.76045212849
53   -0.749942801165
54   -0.74220311245
55   -0.761380568635
56   -0.751166445527
57   -0.748527857655
58   -0.765856119581
59   -0.752429408812
60   -0.773427922875
61   -0.767743718351
62   -0.780377948381
63   -0.804555446953
