0    0.82265969686
1    0.772472321039
2    0.755962851203
3    0.763429716263
4    0.752603935519
5    0.770707660308
6    0.730364051612
7    0.747553626473
8    0.780588055845
9    0.746234008493
10   0.755590543438
11   0.746230277972
12   0.747595510314
13   0.740136071856
14   0.756156956123
15   0.739911870419
16   0.742271597122
17   0.735512097322
18   0.752847994665
19   0.761996259411
20   0.737815642138
21   0.756944966369
22   0.74746985353
23   0.743496929496
24   0.750306885833
25   0.75024766363
26   0.753109059653
27   0.740416963643
28   0.744873593657
29   0.71211368909
30   0.60724145432
31   0.270428320657
32   -0.248205281629
33   -0.588335655139
34   -0.704095411222
35   -0.767105822134
36   -0.747019987067
37   -0.74928280405
38   -0.759234268476
39   -0.737641867524
40   -0.740443180687
41   -0.753080664641
42   -0.759109278691
43   -0.756783996031
44   -0.736489176095
45   -0.764875423805
46   -0.742116538306
47   -0.753710813783
48   -0.73984481678
49   -0.744125510869
50   -0.743616902309
51   -0.756134895237
52   -0.752874879157
53   -0.741817123427
54   -0.74554478682
55   -0.766453324125
56   -0.747410695879
57   -0.756340336863
58   -0.755636322499
59   -0.748063727918
60   -0.77315591913
61   -0.761772205783
62   -0.775849703402
63   -0.819118766016
0    0.811784131787
1    0.777398314917
2    0.754973719196
3    0.758887778294
4    0.744989843079
5    0.765168876002
6    0.734823874113
7    0.752924356208
8    0.772280256222
9    0.748682183333
10   0.760660699576
11   0.748449512842
12   0.755762885978
13   0.739567337173
14   0.748438571598
15   0.733676125248
16   0.752503958525
17   0.739525115722
18   0.760494325642
19   0.762232252208
20   0.729598254981
21   0.75254630955
22   0.740970555685
23   0.744848689394
24   0.755841600466
25   0.752915148214
26   0.749403084207
27   0.745288950597
28   0.747848695204
29   0.713678920521
30   0.602210545771
31   0.279853372713
32   -0.241107688022
33   -0.587054213312
34   -0.703450105835
35   -0.768517366653
36   -0.750486135635
37   -0.751734208737
38   -0.758347070968
39   -0.744383268673
40   -0.741771755875
41   -0.754461953063
42   -0.756666171546
43   -0.748864957542
44   -0.744584741142
45   -0.770712561721
46   -0.743960816531
47   -0.75050949112
48   -0.739721977202
49   -0.745065402141
50   -0.745748064057
51   -0.753346185415
52   -0.757029217096
53   -0.746921233004
54   -0.745087124587
55   -0.754999759764
56   -0.744725187258
57   -0.753925512216
58   -0.758357441139
59   -0.745791853222
60   -0.77381035145
61   -0.765142237727
62   -0.784701022734
63   -0.80724320999
0    0.819171092804
1    0.776757630844
2    0.752337008365
3    0.757400728543
4    0.753158008769
5    0.766303554711
6    0.731263988905
7    0.745966279986
8    0.775809059578
9    0.744153610295
10   0.763698698228
11   0.750876973448
12   0.747376927351
13   0.749280021112
14   0.747302286586
15   0.736832921898
16   0.750950335257
17   0.737559333764
18   0.75792220731
19   0.76483704272
20   0.72916804865
21   0.75151690767
22   0.745845733533
23   0.745188805375
24   0.756769919066
25   0.74959193181
26   0.752632241796
27   0.744304829418
28   0.7461081805
29   0.710338738507
30   0.601110120211
31   0.27790998294
32   -0.241367074461
33   -0.590023074363
34   -0.703316422105
35   -0.764611882058
36   -0.744114220978
37   -0.752906642787
38   -0.757906088326
39   -0.742917650927
40   -0.737861931728
41   -0.754071077373
42   -0.755724582736
43   -0.751138274266
44   -0.752277126499
45   -0.761080817105
46   -0.745688131923
47   -0.751427604368
48   -0.747112459904
49   -0.743492846335
50   -0.738313367578
51   -0.758002753296
52   -0.760384104842
53   -0.746590572247
54   -0.74321983949
55   -0.765154408087
56   -0.751065196913
57   -0.748895144552
58   -0.755028230249
59   -0.748967118092
60   -0.767191827076
61   -0.767185472727
62   -0.776100940422
63   -0.816306437656
0    0.822305652969
1    0.780606952155
2    0.746064764473
3    0.751054855287
4    0.756105243269
5    0.765815584476
6    0.736798458979
7    0.740937826118
8    0.776724626416
9    0.75202134472
10   0.760494548532
11   0.752480816358
12   0.746044977897
13   0.736243693639
14   0.749196167252
15   0.736705791203
16   0.746421647068
17   0.738887708045
18   0.76000707972
19   0.766906012912
20   0.731689738928
21   0.748730334739
22   0.743217128411
23   0.745479029196
24   0.752133956712
25   0.745675066472
26   0.74871420935
27   0.746372367092
28   0.746067704159
29   0.712021161846
30   0.60643592752
31   0.285865760545
32   -0.233770312179
33   -0.5892649628
34   -0.700511683042
35   -0.766210270004
36   -0.740633235199
37   -0.747936096942
38   -0.75851084316
39   -0.743937362651
40   -0.742344038384
41   -0.759672843213
42   -0.761065187573
43   -0.747907638777
44   -0.744435656394
45   -0.767367389973
46   -0.747908772052
47   -0.746128471842
48   -0.743247788557
49   -0.746984572864
50   -0.742076164641
51   -0.754443131264
52   -0.760211165831
53   -0.743150784832
54   -0.745834450548
55   -0.762397700768
56   -0.753075222044
57   -0.749804269714
58   -0.755848325156
59   -0.750842460782
60   -0.773225269183
61   -0.767751360678
62   -0.776910184231
63   -0.810818568048
0    0.825623819578
1    0.77990634843
2    0.747553626473
3    0.760646213997
4    0.744338921358
5    0.767449010802
6    0.729560438274
7    0.740773821215
8    0.778918857226
9    0.740474155824
10   0.755112554634
11   0.750189789115
12   0.750793928587
13   0.741109303517
14   0.752821603658
15   0.740455054227
16   0.748742174893
17   0.739258089194
18   0.757305031243
19   0.766087250252
20   0.728743294164
21   0.750993989731
22   0.742479611297
23   0.746881664723
24   0.753936718335
25   0.749427424563
26   0.753024066622
27   0.743440816835
28   0.747298334196
29   0.713174625327
30   0.602203626174
31   0.277198736138
32   -0.24044712173
33   -0.587629666672
34   -0.703661627592
35   -0.767862084634
36   -0.747075532651
37   -0.747846884566
38   -0.76001410409
39   -0.736276196964
40   -0.743609442217
41   -0.752436176047
42   -0.755176746454
43   -0.750338819282
44   -0.743566124633
45   -0.770112937627
46   -0.741187355556
47   -0.751565160282
48   -0.744561837368
49   -0.742258578928
50   -0.739611328335
51   -0.755810375853
52   -0.760325328996
53   -0.746483498827
54   -0.739224216102
55   -0.766196868474
56   -0.743369996567
57   -0.754220908724
58   -0.756072623525
59   -0.743428724395
60   -0.772343448344
61   -0.765754462343
62   -0.784572352018
63   -0.81288214555
0    0.824712773529
1    0.77004457074
2    0.745013838356
3    0.761523104699
4    0.756624265303
5    0.760958164674
6    0.73451063918
7    0.757318782704
8    0.775113651777
9    0.745128600257
10   0.754509001317
11   0.748735296344
12   0.752488904943
13   0.739752134625
14   0.752302289117
15   0.737505737855
16   0.747829508224
17   0.739969432763
18   0.763122092652
19   0.766363717153
20   0.733944074057
21   0.750943359366
22   0.747653083619
23   0.744461348276
24   0.759994257187
25   0.745728113231
26   0.758305598993
27   0.745992287165
28   0.743124373174
29   0.711564717012
30   0.600291134741
31   0.271071222061
32   -0.248027522435
33   -0.591339552592
34   -0.70381439436
35   -0.76757746404
36   -0.74317340566
37   -0.74907250376
38   -0.759545887701
39   -0.738169641608
40   -0.740075361264
41   -0.756714379455
42   -0.756310368707
43   -0.752658255327
44   -0.739811654228
45   -0.77232183536
46   -0.740004711939
47   -0.752662620239
48   -0.739181150468
49   -0.749321263023
50   -0.738817600646
51   -0.74964034039
52   -0.762637657485
53   -0.749233629157
54   -0.743659971322
55   -0.760360772585
56   -0.748335226168
57   -0.752785035308
58   -0.752180254638
59   -0.75110726153
60   -0.780682500402
61   -0.763392529352
62   -0.782610770808
63   -0.811374548335
0    0.814551956708
1    0.774028513129
2    0.74861068493
3    0.756951453157
4    0.749056733372
5    0.770505105446
6    0.726810356773
7    0.74301879409
8    0.77558162859
9    0.746391695079
10   0.760262827041
11   0.743476071824
12   0.748119418104
13   0.7417610811
14   0.752360041504
15   0.739224165119
16   0.752506654665
17   0.73953251314
18   0.763090302447
19   0.765923439413
20   0.728167580661
21   0.752943333393
22   0.744621126268
23   0.74257322058
24   0.755199050908
25   0.750079885876
26   0.753920227963
27   0.74124326043
28   0.746103092782
29   0.71691811915
30   0.602773027107
31   0.27828405377
32   -0.243245174872
33   -0.58597647805
34   -0.703415719709
35   -0.76838652009
36   -0.748086837981
37   -0.747284658306
38   -0.75851160673
39   -0.737539611176
40   -0.742811533794
41   -0.752219141366
42   -0.757602163317
43   -0.750242702959
44   -0.742149965178
45   -0.772556893574
46   -0.741140140513
47   -0.753893146169
48   -0.742121233024
49   -0.746374110932
50   -0.741690787731
51   -0.752783137286
52   -0.75621259749
53   -0.747400123969
54   -0.740524485349
55   -0.764585570113
56   -0.749804648189
57   -0.753149079342
58   -0.751302386175
59   -0.749619717095
60   -0.775332729317
61   -0.762806862861
62   -0.776740973446
63   -0.809078383926
0    0.832695020865
1    0.772124617019
2    0.750212196183
3    0.755853132794
4    0.752955797502
5    0.764708651056
6    0.732858557963
7    0.747163717775
8    0.774694460823
9    0.753154079456
10   0.758110011637
11   0.747750724883
12   0.747514902117
13   0.744701968055
14   0.748633691283
15   0.732415654233
16   0.747869687596
17   0.739325592403
18   0.757608078536
19   0.765176973532
20   0.737408687739
21   0.754102392221
22   0.747344180954
23   0.737495816595
24   0.749343583063
25   0.755122862873
26   0.752915821972
27   0.74088156967
28   0.7535761117
29   0.71320406998
30   0.598612561671
31   0.274333457293
32   -0.243428244532
33   -0.589604123299
34   -0.707005054122
35   -0.767248055201
36   -0.743888010963
37   -0.747914942123
38   -0.756411324344
39   -0.740711179868
40   -0.740035507185
41   -0.754625660619
42   -0.752118987398
43   -0.753356567159
44   -0.743716897986
45   -0.766029524781
46   -0.745965960821
47   -0.750459498423
48   -0.748317527098
49   -0.743485199124
50   -0.736314781285
51   -0.752246268126
52   -0.762690179654
53   -0.745436820443
54   -0.7479957232
55   -0.758820963987
56   -0.752567039355
57   -0.750457036726
58   -0.749584336838
59   -0.749066452608
60   -0.776764367027
61   -0.763233134263
62   -0.78220978086
63   -0.818159483482
0    0.81956669408
1    0.772400080803
2    0.750270069401
3    0.758265725064
4    0.758057729383
5    0.767587895625
6    0.728203032923
7    0.744260315602
8    0.783809355417
9    0.744308000811
10   0.760204860407
11   0.749966253947
12   0.744863632026
13   0.74832418895
14   0.751938170036
15   0.741599028309
16   0.748336146723
17   0.74125984757
18   0.759608389271
19   0.767649198009
20   0.733006454428
21   0.755932176043
22   0.742001783789
23   0.743713415507
24   0.760125819718
25   0.74622270384
26   0.758113809814
27   0.742625978315
28   0.744276626238
29   0.713708583895
30   0.596349563845
31   0.267595728526
32   -0.247488556022
33   -0.596169872946
34   -0.700965487706
35   -0.76449050718
36   -0.743067950598
37   -0.745677892306
38   -0.763762759016
39   -0.736976236004
40   -0.743731318251
41   -0.751786730168
42   -0.758241339536
43   -0.753240411719
44   -0.745070487411
45   -0.769479897691
46   -0.745638945026
47   -0.748998568753
48   -0.738703433586
49   -0.743216580906
50   -0.745205225097
51   -0.75928260035
52   -0.754650824397
53   -0.746521787418
54   -0.740318518045
55   -0.76522141177
56   -0.750806342671
57   -0.755591529126
58   -0.754128536467
59   -0.742884323672
60   -0.765531186002
61   -0.763634323871
62   -0.783618549729
63   -0.820049262303
0    0.817603857157
1    0.778388512199
2    0.751172188225
3    0.762317356172
4    0.744661547978
5    0.775658798473
6    0.732018421057
7    0.752077989463
8    0.775401359373
9    0.745499958262
10   0.761775348176
11   0.7434281202
12   0.749893720969
13   0.743497722986
14   0.747121138172
15   0.739786723457
16   0.745233956835
17   0.748212952249
18   0.756309840392
19   0.761187720493
20   0.72922910737
21   0.752392174657
22   0.742901975026
23   0.746610154469
24   0.755094739058
25   0.755162526192
26   0.755723134486
27   0.743233115914
28   0.74869616665
29   0.712916129496
30   0.60060116894
31   0.274129567547
32   -0.245426550869
33   -0.585468765672
34   -0.706962266075
35   -0.765978621948
36   -0.741199362915
37   -0.747910346046
38   -0.763062386565
39   -0.743887258478
40   -0.739615823987
41   -0.757171104308
42   -0.758278745046
43   -0.747824535499
44   -0.744114220978
45   -0.763427506323
46   -0.743698151954
47   -0.746496890237
48   -0.741370858756
49   -0.743679155496
50   -0.743494225347
51   -0.762182133812
52   -0.760637926117
53   -0.749669983179
54   -0.742071845695
55   -0.761951672282
56   -0.751354884931
57   -0.747586596129
58   -0.765999585396
59   -0.751792418576
60   -0.774176379525
61   -0.768031469765
62   -0.779631726266
63   -0.803783912897
