0    0.675877540442
1    0.73094137203
2    0.745344054481
3    0.742645605751
4    0.753912263128
5    0.757669101666
6    0.75118512438
7    0.747564464509
8    0.753068304319
9    0.749832784696
10   0.754695093735
11   0.756909064596
12   0.747751515005
13   0.745387841234
14   0.752277007353
15   0.755664680127
16   0.74837021431
17   0.746204729179
18   0.747249436199
19   0.748018540355
20   0.745438753653
21   0.75159921787
22   0.752453629244
23   0.750987914222
24   0.749896536788
25   0.753926622221
26   0.750634796265
27   0.744138430483
28   0.736376477228
29   0.709920679305
30   0.599398816927
31   0.271940890722
32   -0.250195100716
33   -0.593042514328
34   -0.714064467087
35   -0.746720106797
36   -0.749740120256
37   -0.750599888301
38   -0.750703678381
39   -0.747035272804
40   -0.745437008856
41   -0.750088292465
42   -0.751443589453
43   -0.747884469896
44   -0.747698760493
45   -0.751818143221
46   -0.751739138429
47   -0.7524893036
48   -0.748333336572
49   -0.751837294923
50   -0.747364004122
51   -0.747199719327
52   -0.748012660979
53   -0.747565889269
54   -0.750045955215
55   -0.752320443651
56   -0.75264497093
57   -0.758039831879
58   -0.756704661468
59   -0.751222474587
60   -0.753544533342
61   -0.746269197807
62   -0.738955429504
63   -0.676521046269
0    0.669547773549
1    0.733484476639
2    0.748742174893
3    0.744566888409
4    0.748325542667
5    0.750182807916
6    0.748877142747
7    0.746121295387
8    0.750846254404
9    0.7496986217
10   0.755337519002
11   0.756034497544
12   0.750094187494
13   0.746066912706
14   0.752381725878
15   0.754083212695
16   0.750401116215
17   0.746906066529
18   0.749644883865
19   0.750515148996
20   0.746500422168
21   0.750220303139
22   0.74918128922
23   0.751616083878
24   0.750829600463
25   0.754028924792
26   0.749589340467
27   0.74442714726
28   0.738288636775
29   0.710928904125
30   0.599580394217
31   0.278813687893
32   -0.243883783344
33   -0.591936546798
34   -0.715005205769
35   -0.74733480715
36   -0.750496613974
37   -0.75450790002
38   -0.752272952975
39   -0.749043004739
40   -0.745911230842
41   -0.751045933678
42   -0.751738885624
43   -0.747278555043
44   -0.74852861364
45   -0.751686745893
46   -0.751918646338
47   -0.751395319065
48   -0.749767306004
49   -0.751987866622
50   -0.748530566603
51   -0.747515854706
52   -0.74951137295
53   -0.746871859629
54   -0.74450448611
55   -0.750127665822
56   -0.751824337461
57   -0.758360685816
58   -0.756542200877
59   -0.750742002624
60   -0.756465044517
61   -0.747382693148
62   -0.741774822031
63   -0.669969172284
0    0.674710210591
1    0.731534879135
2    0.747672612635
3    0.741838066846
4    0.751376222503
5    0.751408499747
6    0.748822345965
7    0.747454723975
8    0.751662070414
9    0.75041597611
10   0.755440461414
11   0.758396398395
12   0.751950759081
13   0.74801041553
14   0.752760171681
15   0.754157909827
16   0.750624441658
17   0.746550938945
18   0.746800434052
19   0.748604933259
20   0.744941171645
21   0.749411423099
22   0.750337959198
23   0.750210845017
24   0.75173818529
25   0.753165867348
26   0.750143622218
27   0.744028879786
28   0.736971218086
29   0.709854678658
30   0.599289291684
31   0.277346446139
32   -0.2442434938
33   -0.5906291815
34   -0.713158422029
35   -0.746358772436
36   -0.750289276885
37   -0.751920037018
38   -0.751824211048
39   -0.748380010623
40   -0.744885801965
41   -0.751841719461
42   -0.75195954578
43   -0.748991698685
44   -0.749960465935
45   -0.752499423454
46   -0.75386863481
47   -0.753197877516
48   -0.748004727262
49   -0.750383441096
50   -0.747086101129
51   -0.748748314425
52   -0.751343134068
53   -0.748986593435
54   -0.747280946007
55   -0.752374134228
56   -0.750715800553
57   -0.757077760209
58   -0.756310495688
59   -0.753216359418
60   -0.753117561164
61   -0.746793810642
62   -0.737485153501
63   -0.674698630621
0    0.673389725412
1    0.73389417532
2    0.747391493508
3    0.74019157414
4    0.751139903354
5    0.752810597841
6    0.750711777155
7    0.746561448827
8    0.753141168747
9    0.750281328392
10   0.755983338102
11   0.757748001512
12   0.750340436019
13   0.744495095152
14   0.750245073986
15   0.754562590516
16   0.748782655886
17   0.745424498437
18   0.745293816154
19   0.749398238602
20   0.744857745561
21   0.748608993266
22   0.750507494685
23   0.75188320351
24   0.748860794227
25   0.751103680062
26   0.748856847993
27   0.74347743212
28   0.737464911809
29   0.709380705931
30   0.601201019123
31   0.285871313839
32   -0.235323713739
33   -0.587634815718
34   -0.712158667767
35   -0.746327970431
36   -0.748627778594
37   -0.752748087786
38   -0.753279339696
39   -0.749827041553
40   -0.747468402854
41   -0.752692479277
42   -0.751479541033
43   -0.748053212071
44   -0.748039673869
45   -0.751980786336
46   -0.75166203577
47   -0.752294832554
48   -0.750052075392
49   -0.752176271205
50   -0.74816523986
51   -0.748137467889
52   -0.751663994862
53   -0.748750582881
54   -0.748137215993
55   -0.753702328126
56   -0.754404157958
57   -0.755107622163
58   -0.757024388329
59   -0.753843934049
60   -0.755615765518
61   -0.746366693105
62   -0.740157510655
63   -0.670957743892
0    0.674922564798
1    0.734582352222
2    0.746371123759
3    0.743414176389
4    0.75117275067
5    0.750640086077
6    0.747269424815
7    0.745140709472
8    0.754117533692
9    0.747396913419
10   0.753054606561
11   0.753794129326
12   0.747578011888
13   0.746183927909
14   0.751217520276
15   0.754007163937
16   0.75016603032
17   0.747046817173
18   0.747522353567
19   0.74877634141
20   0.743781185265
21   0.749525343438
22   0.749769141186
23   0.751067680459
24   0.75062084003
25   0.75277611965
26   0.75045132376
27   0.744921815603
28   0.737522957279
29   0.711401207367
30   0.59993945885
31   0.27782610471
32   -0.243365899771
33   -0.590273539766
34   -0.712310672461
35   -0.746307918206
36   -0.750288267129
37   -0.752290785428
38   -0.752156733644
39   -0.747798220901
40   -0.744932315378
41   -0.750493647204
42   -0.749514399868
43   -0.746741739444
44   -0.749260864184
45   -0.752284525062
46   -0.751896711777
47   -0.751857205497
48   -0.74738791607
49   -0.750016112001
50   -0.74670765566
51   -0.748437962543
52   -0.749543219109
53   -0.748142316908
54   -0.746110246166
55   -0.754835800766
56   -0.75025627102
57   -0.75609020648
58   -0.755866538795
59   -0.752152687077
60   -0.754958038335
61   -0.747051187831
62   -0.74085958531
63   -0.673788315963
0    0.675924901453
1    0.730653327589
2    0.748883456587
3    0.742660240987
4    0.750968449845
5    0.752415655923
6    0.750064457918
7    0.748179669087
8    0.754868151024
9    0.748842077663
10   0.7530926679
11   0.755730525024
12   0.748663350653
13   0.744301658016
14   0.751082980448
15   0.754613822692
16   0.749574468284
17   0.747053594392
18   0.748820316397
19   0.751278934614
20   0.747154682467
21   0.7514370648
22   0.753077061804
23   0.751807999012
24   0.754641399538
25   0.754186172152
26   0.751826884978
27   0.744783256148
28   0.737494562176
29   0.710341667938
30   0.599668225471
31   0.272465542655
32   -0.250955059824
33   -0.594053182977
34   -0.713493112282
35   -0.746058650453
36   -0.750547302913
37   -0.753262628964
38   -0.750899355768
39   -0.747015709619
40   -0.745606594809
41   -0.75129272064
42   -0.750695407609
43   -0.746644710617
44   -0.747618758697
45   -0.751764924907
46   -0.750074032624
47   -0.750951265005
48   -0.747781790367
49   -0.752793513185
50   -0.748054093635
51   -0.749311049184
52   -0.750424719625
53   -0.749576453706
54   -0.746485950762
55   -0.752469127447
56   -0.75189374085
57   -0.758419282673
58   -0.756056373849
59   -0.751518779646
60   -0.758196492936
61   -0.747503456591
62   -0.741485205658
63   -0.673653745808
0    0.671245412522
1    0.734495083519
2    0.746955433175
3    0.740188048472
4    0.749031369421
5    0.753099965632
6    0.745944229891
7    0.747147341219
8    0.75017695268
9    0.747711105127
10   0.753298555755
11   0.754424127193
12   0.746492398016
13   0.74413945003
14   0.749904646304
15   0.754104298937
16   0.751523204864
17   0.747341922542
18   0.748882329118
19   0.750778511641
20   0.74525930413
21   0.750431736363
22   0.751586287071
23   0.75114339062
24   0.751685906124
25   0.754272075742
26   0.751635423217
27   0.743647001222
28   0.736797203685
29   0.711371124298
30   0.600449400866
31   0.27873620018
32   -0.242802008348
33   -0.590756257808
34   -0.713113059229
35   -0.747012753158
36   -0.749895423268
37   -0.752103623757
38   -0.751971683185
39   -0.746923560217
40   -0.744693745194
41   -0.752218572281
42   -0.751766441779
43   -0.746990485628
44   -0.747142971526
45   -0.752640732612
46   -0.750815308934
47   -0.752309440284
48   -0.748388829176
49   -0.751214704868
50   -0.748032495547
51   -0.747525861418
52   -0.751344587124
53   -0.749689346071
54   -0.746074235723
55   -0.75035226242
56   -0.751383315011
57   -0.75578543671
58   -0.754962032865
59   -0.754674911226
60   -0.753967380615
61   -0.745408872931
62   -0.739608143927
63   -0.672330988729
0    0.67587626694
1    0.733272063258
2    0.748625909782
3    0.74514297286
4    0.751548730586
5    0.751494979629
6    0.74907206416
7    0.747721489944
8    0.752692333815
9    0.750834551664
10   0.7556904363
11   0.756901682763
12   0.75024957771
13   0.74666744554
14   0.750380514632
15   0.750413386902
16   0.749671696814
17   0.746500422168
18   0.747939094786
19   0.749105993965
20   0.747083526563
21   0.750502091607
22   0.751650489652
23   0.748970267838
24   0.748670116926
25   0.754061789515
26   0.751154977256
27   0.745589439221
28   0.739096654947
29   0.710171043571
30   0.599133853923
31   0.275634110529
32   -0.246970862877
33   -0.592202794237
34   -0.713440009295
35   -0.74579958092
36   -0.74956667871
37   -0.750508607389
38   -0.749662225513
39   -0.746535619453
40   -0.745068290069
41   -0.751413388597
42   -0.751087113242
43   -0.748503288461
44   -0.747823276412
45   -0.752452177263
46   -0.752295591391
47   -0.750228882658
48   -0.749012750236
49   -0.750979178385
50   -0.747135925461
51   -0.748876364217
52   -0.752610622093
53   -0.751536598655
54   -0.748694062051
55   -0.753718349615
56   -0.751229549506
57   -0.753383091737
58   -0.753384231234
59   -0.752602715069
60   -0.757231410881
61   -0.747224004847
62   -0.74434706942
63   -0.675995698091
0    0.674103313794
1    0.731332492858
2    0.747086463256
3    0.741356865462
4    0.751087930395
5    0.752483737243
6    0.750536085487
7    0.746550825935
8    0.754640502742
9    0.749215553447
10   0.755779905851
11   0.759715800411
12   0.748614181028
13   0.746504829774
14   0.752005384709
15   0.754054386634
16   0.751226968881
17   0.747808176385
18   0.750055336166
19   0.750076169675
20   0.747336389412
21   0.752454640349
22   0.750877198492
23   0.752659536376
24   0.753182482428
25   0.754546110461
26   0.751154752274
27   0.744889781095
28   0.736806561295
29   0.708988412153
30   0.595486514897
31   0.270742912038
32   -0.248906848873
33   -0.592801705931
34   -0.71176151117
35   -0.745818429217
36   -0.751171372421
37   -0.752020423937
38   -0.752694440389
39   -0.747655957792
40   -0.745863540915
41   -0.751109598505
42   -0.754004499905
43   -0.749044832644
44   -0.748588401244
45   -0.751877622147
46   -0.751509933448
47   -0.751586139696
48   -0.748076132981
49   -0.751018144746
50   -0.75042453027
51   -0.750593891028
52   -0.75071434841
53   -0.750044125478
54   -0.745067850601
55   -0.752081052909
56   -0.752221417709
57   -0.755663986264
58   -0.755576556151
59   -0.750449209832
60   -0.750817266368
61   -0.748378120943
62   -0.742145708511
63   -0.673672451262
0    0.67255790012
1    0.732374046728
2    0.748330167854
3    0.745143765045
4    0.750027182087
5    0.755056417686
6    0.751624741651
7    0.747768107415
8    0.753449857427
9    0.749713604691
10   0.755877092739
11   0.756543150901
12   0.749290051547
13   0.745909401059
14   0.750614987358
15   0.754645995605
16   0.749361726779
17   0.747308384527
18   0.747673967234
19   0.748968576782
20   0.744253519425
21   0.748845121947
22   0.748455490997
23   0.751274660478
24   0.752212957357
25   0.75387961786
26   0.750606208285
27   0.745115925033
28   0.738263681926
29   0.712249715496
30   0.600951108933
31   0.276407687313
32   -0.246211408358
33   -0.590852355867
34   -0.713558688932
35   -0.746917773643
36   -0.7492336922
37   -0.754080833149
38   -0.752757134741
39   -0.748886321532
40   -0.745800397673
41   -0.750385650148
42   -0.749961916983
43   -0.746400010893
44   -0.748271926667
45   -0.750412600981
46   -0.752438642621
47   -0.751016186918
48   -0.749832781905
49   -0.751480109698
50   -0.749755384552
51   -0.750828695334
52   -0.752668566671
53   -0.749676984051
54   -0.748387821338
55   -0.752925435689
56   -0.755802316571
57   -0.757364937108
58   -0.757176505697
59   -0.752687987712
60   -0.752275798558
61   -0.746204771895
62   -0.739614450314
63   -0.670886624548
