0    0.820892733883
1    0.774463259398
2    0.757351539486
3    0.762294217511
4    0.754075809973
5    0.769716339307
6    0.732139155363
7    0.747543239913
8    0.777942765484
9    0.747138983425
10   0.754716615443
11   0.748263721041
12   0.746634675901
13   0.741004647845
14   0.756117220293
15   0.74118554413
16   0.743293095119
17   0.73663137687
18   0.75173009063
19   0.760295041659
20   0.739507703121
21   0.756145763091
22   0.747969790413
23   0.744894535398
24   0.749875136363
25   0.751229780949
26   0.752583042277
27   0.740974192238
28   0.743350236421
29   0.712383384644
30   0.605198401004
31   0.27159387721
32   -0.248555163069
33   -0.589238746055
34   -0.705303163995
35   -0.764384956301
36   -0.747442663999
37   -0.75016546318
38   -0.757871685483
39   -0.739862928619
40   -0.740311020036
41   -0.752103307635
42   -0.757734976084
43   -0.75616263628
44   -0.737072953997
45   -0.762780790076
46   -0.743307135915
47   -0.754252841859
48   -0.741608074342
49   -0.745589446478
50   -0.744335526087
51   -0.754521842963
52   -0.752524976541
53   -0.742873047785
54   -0.745572549692
55   -0.764678785374
56   -0.747192987435
57   -0.757089832815
58   -0.756626031819
59   -0.749243211767
60   -0.772150238398
61   -0.762020888175
62   -0.777471098155
63   -0.819086991435
0    0.810541571402
1    0.779077490209
2    0.757132618838
3    0.758398967015
4    0.746549808844
5    0.764224120906
6    0.735946779184
7    0.751342482111
8    0.77111727824
9    0.748934529573
10   0.759494719436
11   0.749625393328
12   0.754298092084
13   0.740947258707
14   0.749284078379
15   0.735682565397
16   0.752503396828
17   0.739966247582
18   0.758704585797
19   0.760908481903
20   0.732485798504
21   0.751959638759
22   0.741693401418
23   0.746366602533
24   0.754880815311
25   0.753383974423
26   0.749318339084
27   0.745128487086
28   0.746478383849
29   0.713710569208
30   0.600846786937
31   0.280595690789
32   -0.241469815858
33   -0.587958615243
34   -0.704953290214
35   -0.765641600304
36   -0.750349800986
37   -0.752665213891
38   -0.757241833038
39   -0.746197795289
40   -0.741579983378
41   -0.753102878337
42   -0.756120485434
43   -0.749039475
44   -0.744800940961
45   -0.767591140929
46   -0.74498755679
47   -0.751179647131
48   -0.741716253821
49   -0.746196035432
50   -0.746342239813
51   -0.751899493078
52   -0.7565500121
53   -0.747605855781
54   -0.743937864332
55   -0.754680108986
56   -0.744736860611
57   -0.755061330584
58   -0.758641549305
59   -0.747313665047
60   -0.772879212518
61   -0.765148130725
62   -0.785861962851
63   -0.808078463886
0    0.818006076165
1    0.778164076025
2    0.754142320346
3    0.756816787769
4    0.754532993489
5    0.765070480224
6    0.73267156536
7    0.746039098382
8    0.773578398358
9    0.745093063955
10   0.762243377321
11   0.752390152321
12   0.747347907322
13   0.749268525434
14   0.748425487066
15   0.738133997843
16   0.751252052245
17   0.738524024937
18   0.755781361485
19   0.762985031865
20   0.731859368911
21   0.751080505466
22   0.74612819194
23   0.746425941997
24   0.755879443918
25   0.750354508749
26   0.751737848014
27   0.744365876952
28   0.744499398363
29   0.71119423628
30   0.599748916091
31   0.278964857346
32   -0.241675026727
33   -0.590478453997
34   -0.70447808022
35   -0.76213097941
36   -0.745157757187
37   -0.753194079907
38   -0.756983916553
39   -0.744676298726
40   -0.737982298852
41   -0.753343589996
42   -0.75488455452
43   -0.751225633027
44   -0.751121093976
45   -0.759675518816
46   -0.746641503733
47   -0.752619920833
48   -0.747793121741
49   -0.744754433658
50   -0.739661406046
51   -0.756280591915
52   -0.759173013252
53   -0.74761240163
54   -0.743215452937
55   -0.763777343332
56   -0.749973714717
57   -0.750253746715
58   -0.755575223821
59   -0.75087321272
60   -0.766433954585
61   -0.767194651244
62   -0.777608976072
63   -0.816256213476
0    0.820395635632
1    0.782029266729
2    0.748938362761
3    0.750942121703
4    0.756703806969
5    0.764558710452
6    0.737909461029
7    0.741265300816
8    0.775008431154
9    0.752019546421
10   0.759576152524
11   0.75360225837
12   0.745818591614
13   0.737649528054
14   0.749559708549
15   0.738085447454
16   0.747069633629
17   0.739583383133
18   0.757431358688
19   0.764910053271
20   0.733664219834
21   0.748811972574
22   0.743907986237
23   0.746777272499
24   0.751762918567
25   0.746715694054
26   0.748395031028
27   0.746093821762
28   0.744518762584
29   0.712224687091
30   0.604744400539
31   0.286864767485
32   -0.23389863465
33   -0.589206620736
34   -0.702251083831
35   -0.763432941611
36   -0.741744035749
37   -0.749062481559
38   -0.757748964095
39   -0.745707669153
40   -0.742263837761
41   -0.757981448043
42   -0.759962614407
43   -0.748229288366
44   -0.744181146807
45   -0.765160557377
46   -0.748182873258
47   -0.747643872655
48   -0.744636260862
49   -0.747795891652
50   -0.743145771975
51   -0.753004470982
52   -0.759588947574
53   -0.744500470391
54   -0.745444922227
55   -0.761141615122
56   -0.752890697572
57   -0.750744212469
58   -0.756838244424
59   -0.751860176315
60   -0.772680542304
61   -0.767210697807
62   -0.778510125417
63   -0.810887629604
0    0.823467871697
1    0.781372662228
2    0.749920639878
3    0.760193155199
4    0.745642829861
5    0.766156291032
6    0.731302773964
7    0.74089668535
8    0.777034561958
9    0.741709640417
10   0.754201536652
11   0.750995677365
12   0.749716984282
13   0.742291798977
14   0.753093229266
15   0.741134414704
16   0.749312366085
17   0.739892303018
18   0.755410890359
19   0.764323377128
20   0.731218087483
21   0.750545990771
22   0.743209531423
23   0.748027229331
24   0.753224467953
25   0.750387494451
26   0.752462616802
27   0.743697322348
28   0.745650408386
29   0.713619240751
30   0.600803120113
31   0.278042783272
32   -0.241113301406
33   -0.588388793453
34   -0.704407490312
35   -0.764793523778
36   -0.747543672355
37   -0.749036008304
38   -0.758760688774
39   -0.738965413319
40   -0.743110870657
41   -0.751482257989
42   -0.754452130194
43   -0.750230018566
44   -0.743578285965
45   -0.767335420467
46   -0.742397634267
47   -0.752402909517
48   -0.745416723277
49   -0.743602421005
50   -0.740729057368
51   -0.754383816396
52   -0.75909285226
53   -0.747584833826
54   -0.739069375716
55   -0.764987238737
56   -0.743430855459
57   -0.754641950448
58   -0.757088371386
59   -0.745179795579
60   -0.771503401985
61   -0.765587192662
62   -0.785099680474
63   -0.8135617637
0    0.823089618311
1    0.771864172837
2    0.748213403539
3    0.760104191135
4    0.757441978409
5    0.760149566026
6    0.736202130922
7    0.755926242419
8    0.773602707311
9    0.745992287165
10   0.753771129194
11   0.750117610173
12   0.750814746713
13   0.741027829851
14   0.75240520739
15   0.738790564182
16   0.74851538337
17   0.74067163131
18   0.760754516474
19   0.764937680494
20   0.736208753669
21   0.750687805671
22   0.747945865961
23   0.74619251979
24   0.759003302923
25   0.747279588364
26   0.756873832631
27   0.745890063749
28   0.741979532575
29   0.711911779157
30   0.59937970161
31   0.272323192879
32   -0.248538350067
33   -0.592030172479
34   -0.704935558492
35   -0.764353850041
36   -0.744520047177
37   -0.750190262557
38   -0.757852417864
39   -0.740457428835
40   -0.740212551398
41   -0.755419353451
42   -0.755595589632
43   -0.752573048473
44   -0.740004399619
45   -0.768963311846
46   -0.741387684695
47   -0.752774722763
48   -0.74080463397
49   -0.750151076038
50   -0.74003450773
51   -0.749469942931
52   -0.761204139498
53   -0.749920972987
54   -0.743442200317
55   -0.759484040151
56   -0.74777480275
57   -0.754011404498
58   -0.753529274412
59   -0.752282944168
60   -0.778930870574
61   -0.763605415446
62   -0.783750686911
63   -0.81186291239
0    0.813369175604
1    0.776174245912
2    0.751191986098
3    0.755795693765
4    0.750607221259
5    0.768737298348
6    0.728873281523
7    0.743302278763
8    0.773235590197
9    0.746905840589
10   0.758851388062
11   0.745279672026
12   0.747209006027
13   0.74249776651
14   0.752663355311
15   0.740081931415
16   0.752692558452
17   0.740200672581
18   0.760634402524
19   0.764057894631
20   0.730823937065
21   0.75275062524
22   0.745460249229
23   0.7441461337
24   0.754528509015
25   0.751038992348
26   0.753323811706
27   0.741540083185
28   0.744583760208
29   0.717066064029
30   0.601215002837
31   0.279271816152
32   -0.243279992018
33   -0.586956442749
34   -0.704428347273
35   -0.765623592264
36   -0.748014675902
37   -0.748513494053
38   -0.757401356446
39   -0.740185999015
40   -0.742500576473
41   -0.75130901944
42   -0.75662736555
43   -0.750441509238
44   -0.741928392152
45   -0.769384432696
46   -0.742762864
47   -0.754015648629
48   -0.743830322114
49   -0.747445307078
50   -0.742803641234
51   -0.751078712979
52   -0.75591470817
53   -0.748214677137
54   -0.740688489654
55   -0.763181286784
56   -0.749235331325
57   -0.753641600781
58   -0.752262582475
59   -0.75144605358
60   -0.774072257269
61   -0.763073700654
62   -0.77814854292
63   -0.809699296279
0    0.829865779306
1    0.774320490001
2    0.752679304824
3    0.755894110669
4    0.75407648295
5    0.7637446879
6    0.734318578448
7    0.746726315194
8    0.773345398414
9    0.752729173492
10   0.757324260875
11   0.749514301283
12   0.746914991114
13   0.745108229283
14   0.749423255193
15   0.733969480256
16   0.748442857873
17   0.740137777915
18   0.755785280488
19   0.763154104144
20   0.739056918544
21   0.753596871988
22   0.747700381561
23   0.739541389969
24   0.749178133245
25   0.755278145873
26   0.752429137741
27   0.741395147451
28   0.751294568798
29   0.71356201023
30   0.597587720945
31   0.275608863317
32   -0.244185054872
33   -0.590241273635
34   -0.707678965569
35   -0.764341049393
36   -0.744589949471
37   -0.748649767581
38   -0.755529418123
39   -0.742776143039
40   -0.739855371571
41   -0.753277060943
42   -0.752207759728
43   -0.753132117629
44   -0.743135621017
45   -0.764166208934
46   -0.746789974387
47   -0.751095703058
48   -0.748778119827
49   -0.744671968535
50   -0.738144078632
51   -0.751147559325
52   -0.761588112114
53   -0.746672000988
54   -0.747426113447
55   -0.758513833811
56   -0.7515765978
57   -0.751468862837
58   -0.75054168471
59   -0.750589219493
60   -0.775295845175
61   -0.763555467238
62   -0.783971607072
63   -0.818111529995
0    0.81819502746
1    0.774330821958
2    0.752427340176
3    0.757385636703
4    0.758569263025
5    0.766422768111
6    0.730611072562
7    0.743846344162
8    0.781297351004
9    0.745210306325
10   0.758975957719
11   0.751589210571
12   0.744736272889
13   0.748404506339
14   0.75253721041
15   0.742127561957
16   0.74903080577
17   0.741736780533
18   0.757976060819
19   0.765619243109
20   0.735448335709
21   0.755235238191
22   0.743021969564
23   0.745629369354
24   0.759113680657
25   0.747189355017
26   0.756977511723
27   0.742860007564
28   0.743148866835
29   0.713249637377
30   0.595341593119
31   0.26913043796
32   -0.247675000345
33   -0.59613882245
34   -0.702199777404
35   -0.761772014267
36   -0.744283206343
37   -0.747090441787
38   -0.762039086876
39   -0.739584417284
40   -0.743560169396
41   -0.750794345685
42   -0.757409619308
43   -0.753034276946
44   -0.745069106224
45   -0.766938903801
46   -0.746101070607
47   -0.749750969236
48   -0.740775440346
49   -0.744422669003
50   -0.746086176215
51   -0.757379809767
52   -0.754436603921
53   -0.747598428813
54   -0.740513923493
55   -0.763667454466
56   -0.750070751628
57   -0.756070401874
58   -0.755343298545
59   -0.744765730779
60   -0.764295224413
61   -0.76401961482
62   -0.784954559023
63   -0.819534159406
0    0.816308964964
1    0.779494192153
2    0.753742406336
3    0.76150974493
4    0.746587327526
5    0.773424941325
6    0.734329560878
7    0.750919168398
8    0.774139993276
9    0.746004159783
10   0.760492988298
11   0.745259643598
12   0.749275625722
13   0.744071138095
14   0.748343028018
15   0.740591372518
16   0.745947848402
17   0.74768751313
18   0.754871737387
19   0.75978327503
20   0.731762686788
21   0.751729865778
22   0.74356720758
23   0.747750499134
24   0.754440721379
25   0.755142358599
26   0.754938418978
27   0.743600644611
28   0.7470879316
29   0.713389948549
30   0.599630397456
31   0.275415099165
32   -0.245871644474
33   -0.586612927922
34   -0.707484490028
35   -0.763766533007
36   -0.742073160155
37   -0.749104651121
38   -0.761442342143
39   -0.745767288332
40   -0.74005337261
41   -0.755379263738
42   -0.756852537523
43   -0.747796710036
44   -0.744078345058
45   -0.761430025426
46   -0.745043177931
47   -0.747433979645
48   -0.743097900459
49   -0.744801129254
50   -0.744445569589
51   -0.759972236659
52   -0.760204345776
53   -0.750185971527
54   -0.742410407541
55   -0.760744357673
56   -0.75100740832
57   -0.749518561895
58   -0.765654609872
59   -0.753091992931
60   -0.77262058754
61   -0.767385943027
62   -0.780994043404
63   -0.804914775737
