0    0.82349779931
1    0.767798454705
2    0.753035856047
3    0.76512272992
4    0.749778716133
5    0.772003547556
6    0.728391553386
7    0.747730858763
8    0.784014676298
9    0.744793784623
10   0.756964762123
11   0.742710158011
12   0.749836163884
13   0.738962979507
14   0.755515617243
15   0.738495088624
16   0.740736765794
17   0.733779604806
18   0.754811664113
19   0.764519862069
20   0.734943241234
21   0.758306939265
22   0.74696752029
23   0.740696298795
24   0.75127117367
25   0.748496434759
26   0.754132226307
27   0.739487217321
28   0.747147680047
29   0.711155600054
30   0.611308030285
31   0.268028022536
32   -0.247630180292
33   -0.586479305205
34   -0.702934197294
35   -0.771197314565
36   -0.74613626499
37   -0.747201355121
38   -0.761532456623
39   -0.73371870303
40   -0.741201489234
41   -0.755003056973
42   -0.761686729508
43   -0.757218510433
44   -0.736021080048
45   -0.76823288078
46   -0.740248726249
47   -0.752582093845
48   -0.736669328863
49   -0.741589492925
50   -0.742568083259
51   -0.75896316933
52   -0.753121738215
53   -0.739806283371
54   -0.746085547764
55   -0.769119378564
56   -0.747998430706
57   -0.755111997779
58   -0.753850710863
59   -0.746153862646
60   -0.774883870606
61   -0.761173897628
62   -0.771920241441
63   -0.816400420952
0    0.811846171655
1    0.773099358435
2    0.750744863612
3    0.759857659126
4    0.741976240261
5    0.766355518433
6    0.733594730595
7    0.756013787801
8    0.772923153973
9    0.748505457952
10   0.762405344943
11   0.746604165272
12   0.758612921135
13   0.737451226728
14   0.746465951762
15   0.731002552135
16   0.75230880609
17   0.739185116856
18   0.763488940726
19   0.764077772173
20   0.724903817437
21   0.753821504403
22   0.740131522352
23   0.741794010832
24   0.75758572481
25   0.751988412868
26   0.749633730367
27   0.745558104828
28   0.749773647055
29   0.713284921473
30   0.605206731751
31   0.27816735219
32   -0.240663041213
33   -0.58528756343
34   -0.701628667435
35   -0.77287023988
36   -0.750638776752
37   -0.749673073648
38   -0.760384551092
39   -0.740853771203
40   -0.742553867629
41   -0.757141683138
42   -0.757767848219
43   -0.74816555474
44   -0.744385464511
45   -0.775893276845
46   -0.742282431712
47   -0.749239429147
48   -0.736039309415
49   -0.74320586525
50   -0.744914299805
51   -0.756055294778
52   -0.757334175559
53   -0.745391602387
54   -0.747550532483
55   -0.755353827903
56   -0.745055043338
57   -0.751800445605
58   -0.757752206798
59   -0.74343612046
60   -0.775650830606
61   -0.764783983086
62   -0.781593262186
63   -0.803022819607
0    0.819052749771
1    0.772934601052
2    0.749062707898
3    0.758374062283
4    0.750118398427
5    0.768007531515
6    0.729806738442
7    0.746011961712
8    0.778528512962
9    0.742950405556
10   0.765903709369
11   0.748325881096
12   0.747941690408
13   0.74948770947
14   0.744737857902
15   0.735523752232
16   0.750322310052
17   0.736124824241
18   0.761622295404
19   0.76745011753
20   0.724943080914
21   0.752390489377
22   0.745662737505
23   0.742685880497
24   0.758356751453
25   0.748282335619
26   0.75423753576
27   0.74419597661
28   0.748619030433
29   0.708290725149
30   0.604237752078
31   0.275555923547
32   -0.241029483201
33   -0.588779419884
34   -0.702070470422
35   -0.768280685714
36   -0.742340970482
37   -0.752041096802
38   -0.759667619437
39   -0.739407234527
40   -0.738174068434
41   -0.755430835136
42   -0.757611953603
43   -0.750596226803
44   -0.75437069916
45   -0.763633364508
46   -0.744079975753
47   -0.749146381197
48   -0.745580024443
49   -0.741357660913
50   -0.736357536941
51   -0.761013324791
52   -0.7621053074
53   -0.744622455074
54   -0.743807561017
55   -0.766887954658
56   -0.753178573155
57   -0.746601827253
58   -0.75419018038
59   -0.745685430664
60   -0.768717975596
61   -0.766741538448
62   -0.772390934031
63   -0.813847002167
0    0.823378711402
1    0.7768851427
2    0.740801214064
3    0.75118647423
4    0.754665052243
5    0.767741255179
6    0.735697074407
7    0.740814853378
8    0.778318887634
9    0.75227509715
10   0.761671386154
11   0.750587186696
12   0.747078104953
13   0.734156573597
14   0.74805408569
15   0.735119293165
16   0.74530479186
17   0.737902849537
18   0.764319935523
19   0.769772653061
20   0.728734896169
21   0.748668989217
22   0.742412320666
23   0.742850252712
24   0.752708282867
25   0.743914104912
26   0.749388321943
27   0.746744506459
28   0.748491471968
29   0.711189436103
30   0.609954298397
31   0.283753542538
32   -0.233672198768
33   -0.589007660143
34   -0.698207941607
35   -0.770553734512
36   -0.738734064015
37   -0.745628643096
38   -0.759839954741
39   -0.740611171773
40   -0.742935818507
41   -0.762831146948
42   -0.76287901389
43   -0.747170590065
44   -0.74514997166
45   -0.770804095264
46   -0.747517805692
47   -0.743559354471
48   -0.740655174103
49   -0.745790533864
50   -0.740347885789
51   -0.757137235088
52   -0.760602600232
53   -0.740756186773
54   -0.747032190476
55   -0.764313592554
56   -0.753400437546
57   -0.748306567688
58   -0.754043077555
59   -0.749400013961
60   -0.774078332386
61   -0.76831255694
62   -0.773116145106
63   -0.808145531001
0    0.827056454831
1    0.776044778036
2    0.743316564263
3    0.76116767405
4    0.742200433404
5    0.769024304598
6    0.727355748363
7    0.741031693466
8    0.780865020351
9    0.738724961113
10   0.75659271538
11   0.74874330252
12   0.752936146809
13   0.739354846173
14   0.751682982907
15   0.740088073545
16   0.747716636184
17   0.738420123731
18   0.760627716722
19   0.768449546329
20   0.724919638494
21   0.751908382825
22   0.741657402137
23   0.744282516124
24   0.755302231624
25   0.747757948829
26   0.753999199795
27   0.742984883942
28   0.749768690598
29   0.711908503341
30   0.605321858168
31   0.275483070221
32   -0.239388971805
33   -0.585983010825
34   -0.703258919512
35   -0.772474749192
36   -0.746141104315
37   -0.7454432265
38   -0.762182708595
39   -0.731638579802
40   -0.744709622999
41   -0.75429782876
42   -0.756585576162
43   -0.750187486006
44   -0.743779220099
45   -0.77467477823
46   -0.739312849765
47   -0.749987152948
48   -0.74291827739
49   -0.739929070847
50   -0.738010039575
51   -0.758393387656
52   -0.761960547484
53   -0.744181397709
54   -0.740117216004
55   -0.767976032641
56   -0.743507702152
57   -0.753519713957
58   -0.754023630179
59   -0.740885592912
60   -0.773843691682
61   -0.765837723085
62   -0.782589716955
63   -0.808954368167
0    0.825269048009
1    0.765744635522
2    0.73932229134
3    0.764044457633
4    0.754742059782
5    0.762062022549
6    0.732291285055
7    0.75983535563
8    0.776641836431
9    0.743888270251
10   0.755641051054
11   0.746312911413
12   0.755862985551
13   0.737694223095
14   0.751451684394
15   0.736291876825
16   0.746504377713
17   0.738929500918
18   0.767103430354
19   0.768140034819
20   0.730498996234
21   0.751638346572
22   0.747485321569
23   0.740870658963
24   0.761745852555
25   0.743191048957
26   0.760809888826
27   0.746158604041
28   0.744924758651
29   0.710513200454
30   0.602493620652
31   0.268529304261
32   -0.247302451765
33   -0.589799869964
34   -0.702700202608
35   -0.772530823456
36   -0.740729369915
37   -0.746739349769
38   -0.762657145316
39   -0.733977206838
40   -0.740281778337
41   -0.759064393152
42   -0.757697654487
43   -0.752236024368
44   -0.739977852762
45   -0.777925337004
46   -0.737615507941
47   -0.75250783566
48   -0.736219567833
49   -0.747785126813
50   -0.737238511075
51   -0.749974724156
52   -0.764603943588
53   -0.747703796225
54   -0.744355538799
55   -0.761713029122
56   -0.749620095501
57   -0.750597805033
58   -0.749939709862
59   -0.748938378474
60   -0.783920500669
61   -0.762799513845
62   -0.779459455263
63   -0.808020293661
0    0.81440888458
1    0.769214344266
2    0.74358194268
3    0.759052410801
4    0.745960739239
5    0.773352659855
6    0.723889245986
7    0.742959932597
8    0.778364647721
9    0.745808413205
10   0.762325588067
11   0.740529184577
12   0.750166142922
13   0.740656853263
14   0.750990051905
15   0.738713799051
16   0.752111705048
17   0.738637483659
18   0.767205722212
19   0.768545730823
20   0.724129434578
21   0.753268696786
22   0.743558706461
23   0.739399578882
24   0.756473331305
25   0.748390744548
26   0.755013388431
27   0.740824628104
28   0.748396610252
29   0.715954370521
30   0.606316573537
31   0.276150316942
32   -0.24325057221
33   -0.583975496203
34   -0.702440393035
35   -0.772514046016
36   -0.748261093721
37   -0.744793534795
38   -0.760624407761
39   -0.732558494152
40   -0.74364567747
41   -0.754152293949
42   -0.759559709973
43   -0.749430910739
44   -0.742821368261
45   -0.777886021588
46   -0.73815318147
47   -0.753811760638
48   -0.738802751952
49   -0.744384837128
50   -0.740103784814
51   -0.755994043555
52   -0.756344273425
53   -0.745752147614
54   -0.74080750962
55   -0.766327621214
56   -0.751187290245
57   -0.752253287057
58   -0.74980244042
59   -0.746441565387
60   -0.777508970534
61   -0.762126636834
62   -0.773227335553
63   -0.805408730304
0    0.835187341611
1    0.767050951898
2    0.745642942973
3    0.755776770633
4    0.75079955515
5    0.765915902139
6    0.73104743047
7    0.748377320979
8    0.775787657804
9    0.754152414282
10   0.759190904345
11   0.744729027081
12   0.749066315142
13   0.744336089846
14   0.746676146264
15   0.730515647713
16   0.746996099521
17   0.738042365558
18   0.760668610842
19   0.768091924214
20   0.735018238573
21   0.755003863476
22   0.747021515147
23   0.733654489341
24   0.749794035856
25   0.754738248776
26   0.753746894337
27   0.740180428437
28   0.757096388327
29   0.711951205098
30   0.601220165
31   0.271637487618
32   -0.242180416595
33   -0.588119266442
34   -0.706620027589
35   -0.771592106857
36   -0.742802826926
37   -0.746243741219
38   -0.757884975905
39   -0.736668768558
40   -0.740994194464
41   -0.757241578838
42   -0.75217171873
43   -0.753255982728
44   -0.74518375124
45   -0.768912966716
46   -0.744542259764
47   -0.749195803962
48   -0.747261000503
49   -0.741567470953
50   -0.733584138639
51   -0.754505618466
52   -0.76401014549
53   -0.74324553255
54   -0.749341438813
55   -0.75917613323
56   -0.754412586202
57   -0.748459128429
58   -0.747990308208
59   -0.746478029148
60   -0.779497532983
61   -0.762211639788
62   -0.778092931437
63   -0.815669889565
0    0.819577619491
1    0.767926229061
2    0.746310537633
3    0.759675536527
4    0.756623817793
5    0.769119991876
6    0.724933265189
7    0.745441355773
8    0.786866298537
9    0.742890632642
10   0.762195427202
11   0.747254179297
12   0.7456458839
13   0.748356790466
14   0.750235278315
15   0.741511006854
16   0.74716608953
17   0.740588985118
18   0.762256504795
19   0.770515918235
20   0.729224163017
21   0.757378593767
22   0.740655943838
23   0.739858741759
24   0.761801726541
25   0.744941171645
26   0.759926462278
27   0.74221655067
28   0.746002124487
29   0.713980301498
30   0.598836922906
31   0.264624172886
32   -0.247383896741
33   -0.595644848954
34   -0.699765779303
35   -0.768607928155
36   -0.740950239738
37   -0.742869477114
38   -0.766818721885
39   -0.732208437776
40   -0.744175877882
41   -0.754036362783
42   -0.759928395626
43   -0.753225030839
44   -0.74526393522
45   -0.773525647888
46   -0.745003815923
47   -0.747680128504
48   -0.734808919911
49   -0.741300305484
50   -0.743965269067
51   -0.762684237227
52   -0.754674023806
53   -0.74449394488
54   -0.740466240292
55   -0.767438907791
56   -0.752185692366
57   -0.754705274134
58   -0.75181921773
59   -0.739924636246
60   -0.768009243156
61   -0.762754015056
62   -0.780115556432
63   -0.818104641092
0    0.817589752351
1    0.77516043735
2    0.746250513057
3    0.763634042502
4    0.741258029814
5    0.779072348707
6    0.728791264918
7    0.754146918707
8    0.776505519575
9    0.745059450432
10   0.763614156138
11   0.740397974661
12   0.751373973179
13   0.742801136723
14   0.744450136814
15   0.739310452957
16   0.744040322561
17   0.749181176506
18   0.758688732096
19   0.76319656225
20   0.725280914074
21   0.753694271259
22   0.742041062786
23   0.744085186038
24   0.756275706473
25   0.755295622104
26   0.756775623966
27   0.742733754283
28   0.751045292552
29   0.711604156639
30   0.603109033611
31   0.271605415982
32   -0.244629976735
33   -0.583211701099
34   -0.706866543514
35   -0.769057836368
36   -0.739839882922
37   -0.74565596857
38   -0.76588874695
39   -0.740195932648
40   -0.739138211509
41   -0.760514482252
42   -0.761048537604
43   -0.747582190378
44   -0.744379378916
45   -0.766676806476
46   -0.741395816292
47   -0.745134024077
48   -0.738050249406
49   -0.741907113711
50   -0.742249376038
51   -0.765936119427
52   -0.760957765066
53   -0.748449616323
54   -0.742054695279
55   -0.763704935575
56   -0.752177851931
57   -0.744396067336
58   -0.766221812136
59   -0.749626969887
60   -0.776785233785
61   -0.768874904138
62   -0.776290705062
63   -0.799169685787
