0    0.82301707025
1    0.771479221423
2    0.75532654084
3    0.763840326317
4    0.751970204348
5    0.77105221821
6    0.729787317067
7    0.747573721904
8    0.781508972033
9    0.74588090384
10   0.755933071682
11   0.745401870693
12   0.748061307444
13   0.739825634463
14   0.756081288789
15   0.73950280933
16   0.741885867698
17   0.735085799958
18   0.753304392742
19   0.762631899861
20   0.737133109868
21   0.757268359757
22   0.747310981787
23   0.742886889627
24   0.750506819302
25   0.749845625551
26   0.753333464923
27   0.740196805754
28   0.745447012534
29   0.711941728975
30   0.608137706582
31   0.269905328841
32   -0.248065943856
33   -0.587937476025
34   -0.703718671443
35   -0.768127062663
36   -0.746831670873
37   -0.748857143099
38   -0.759781402004
39   -0.736726481546
40   -0.740563921428
41   -0.753507494435
42   -0.759689406586
43   -0.756952531405
44   -0.736329219672
45   -0.765689601965
46   -0.741660754847
47   -0.753460770385
48   -0.739113622295
49   -0.743534405566
50   -0.743345741789
51   -0.756795112265
52   -0.752971818334
53   -0.741365354421
54   -0.745609861191
55   -0.767118208957
56   -0.747532658487
57   -0.756041838229
58   -0.755221267563
59   -0.74759748471
60   -0.773551614765
61   -0.76163732385
62   -0.77502527365
63   -0.818703477527
0    0.811945999064
1    0.776511003315
2    0.754027915278
3    0.75908890532
4    0.744318194503
5    0.765487736031
6    0.734462827628
7    0.753605063766
8    0.772572303487
9    0.748611361595
10   0.761100961048
11   0.74799495561
12   0.756399702156
13   0.739038359167
14   0.748031968741
15   0.732972546714
16   0.75247722141
17   0.739400034167
18   0.761207766535
19   0.7627124107
20   0.728462440775
21   0.75281812224
22   0.740730968656
23   0.744181930223
24   0.756237318411
25   0.752714123301
26   0.749447031642
27   0.745351861562
28   0.748348442774
29   0.713621343035
30   0.602846552448
31   0.279499179052
32   -0.240982912139
33   -0.586665760433
34   -0.702936424358
35   -0.769600335536
36   -0.750530953398
37   -0.751304597259
38   -0.758811480107
39   -0.743593456494
40   -0.741906800796
41   -0.755057652715
42   -0.756903232028
43   -0.748743084393
44   -0.744524125722
45   -0.7719481659
46   -0.743559667904
47   -0.750217586755
48   -0.738885919955
49   -0.744621953049
50   -0.745527011449
51   -0.753960476325
52   -0.757157187923
53   -0.746596797067
54   -0.745616331172
55   -0.755102929494
56   -0.744769057178
57   -0.753444626404
58   -0.758223655105
59   -0.745204094883
60   -0.77420850385
61   -0.765081836503
62   -0.784063056848
63   -0.806477010277
0    0.8192924692
1    0.775982122732
2    0.751579090728
3    0.757620819937
4    0.752515192393
5    0.766742003898
6    0.730821641034
7    0.745954746151
8    0.776563536019
9    0.74382526714
10   0.764249213454
11   0.750269731629
12   0.747456530501
13   0.749306731148
14   0.746769250568
15   0.73643447175
16   0.750810920711
17   0.737199045591
18   0.758790771944
19   0.765512131568
20   0.728128213365
21   0.751710415837
22   0.745770299796
23   0.744642752652
24   0.757133848863
25   0.749286895915
26   0.753003968138
27   0.744276852773
28   0.746727558086
29   0.709918452
30   0.60176210918
31   0.277412389125
32   -0.241265405774
33   -0.589783959414
34   -0.702940697928
35   -0.765536824974
36   -0.743694202165
37   -0.752748024521
38   -0.758299229609
39   -0.742141577057
40   -0.737880132352
41   -0.754381281651
42   -0.756117501932
43   -0.751052059978
44   -0.752766561376
45   -0.761659919933
46   -0.745312036135
47   -0.750908386013
48   -0.746790729059
49   -0.74299120034
50   -0.737811570084
51   -0.758705699563
52   -0.760829243204
53   -0.746146320756
54   -0.743297422009
55   -0.765629103587
56   -0.751540010842
57   -0.748352358662
58   -0.754816020988
59   -0.748190367546
60   -0.767517878648
61   -0.767113716309
62   -0.775325805348
63   -0.815924258008
0    0.822717819307
1    0.77983792257
2    0.744858990778
3    0.751082192955
4    0.755808122372
5    0.766288042629
6    0.736454563556
7    0.740858156964
8    0.777242045585
9    0.752048431197
10   0.760819024412
11   0.752028875059
12   0.746220442894
13   0.735715353176
14   0.748984134392
15   0.736257623614
16   0.746157360441
17   0.738633496874
18   0.761033798055
19   0.767639128742
20   0.7309453896
21   0.748708909341
22   0.742987038802
23   0.74490687384
24   0.752271389097
25   0.74526100147
26   0.748859553984
27   0.746469568385
28   0.746665524591
29   0.711876095584
30   0.607198455572
31   0.28540894131
32   -0.233733264387
33   -0.589247449079
34   -0.699891488152
35   -0.767273410242
36   -0.740188373082
37   -0.747437503721
38   -0.758821918745
39   -0.743180925163
40   -0.742436330276
41   -0.760388057354
42   -0.761496397092
43   -0.747753777243
44   -0.744579846593
45   -0.768212191719
46   -0.747811000392
47   -0.745513884258
48   -0.742660896874
49   -0.746685017626
50   -0.741654810946
51   -0.755053530981
52   -0.760377857353
53   -0.742592882815
54   -0.746060033007
55   -0.762875051519
56   -0.753152940071
57   -0.749439360228
58   -0.75543051796
59   -0.750465621132
60   -0.773424176832
61   -0.767909614918
62   -0.776107545958
63   -0.810388683311
0    0.826126779987
1    0.779115339602
2    0.746569924457
3    0.76078225874
4    0.743826740279
5    0.767882422549
6    0.728960697147
7    0.740780754746
8    0.77951059419
9    0.740019370532
10   0.755472943762
11   0.749855650313
12   0.751267686849
13   0.740662309798
14   0.752626513209
15   0.740291879879
16   0.748502863792
17   0.739035968057
18   0.758078843699
19   0.766713097428
20   0.727794910557
21   0.751195473183
22   0.742238456116
23   0.74634218756
24   0.754238993641
25   0.749038358663
26   0.753251634117
27   0.743334704287
28   0.747919345263
29   0.712930855737
30   0.602862992158
31   0.276820824465
32   -0.240185169673
33   -0.587283346916
34   -0.703469316812
35   -0.769015524287
36   -0.746872174101
37   -0.747324110197
38   -0.76052321719
39   -0.735181147626
40   -0.743843427224
41   -0.752851911264
42   -0.755486025186
43   -0.750337935702
44   -0.743600603021
45   -0.771205241106
46   -0.740728494785
47   -0.751201881806
48   -0.744193691978
49   -0.741717067245
50   -0.73919544306
51   -0.75640440316
52   -0.760762214286
53   -0.745982047354
54   -0.739372525867
55   -0.766643126978
56   -0.743382594241
57   -0.754052833058
58   -0.755619508887
59   -0.742776268314
60   -0.772679251528
61   -0.765781830583
62   -0.784197929523
63   -0.812181034224
0    0.825005054731
1    0.769132697927
2    0.743691429014
3    0.762093845459
4    0.756229260089
5    0.761244962013
6    0.733917064958
7    0.757890921782
8    0.775585141431
9    0.744806690346
10   0.754793282764
11   0.748170078818
12   0.753231091176
13   0.73924977904
14   0.752177110043
15   0.737120218812
16   0.747531385554
17   0.739708214186
18   0.764066445354
19   0.766853413356
20   0.733081482614
21   0.751081292961
22   0.747578576358
23   0.743686895656
24   0.760396471915
25   0.745121017776
26   0.758890680525
27   0.746029600631
28   0.743566980884
29   0.71136550557
30   0.600742977055
31   0.270512639763
32   -0.247837728528
33   -0.591019500244
34   -0.703461788956
35   -0.768803090684
36   -0.742614301108
37   -0.748572209727
38   -0.760257505198
39   -0.737208300158
40   -0.740074049428
41   -0.757256195458
42   -0.756615235016
43   -0.752618402665
44   -0.739805096791
45   -0.773653680168
46   -0.739448874023
47   -0.75261492354
48   -0.738504265109
49   -0.748976572095
50   -0.738385082403
51   -0.749716782733
52   -0.763153733916
53   -0.748907938069
54   -0.743792888849
55   -0.760692320218
56   -0.748607176171
57   -0.752278960326
58   -0.751640612398
59   -0.750608789582
60   -0.781406850721
61   -0.763264908954
62   -0.781975178878
63   -0.810779412935
0    0.814676323078
1    0.772989633257
2    0.747487692561
3    0.757420515276
4    0.748373034423
5    0.771186964966
6    0.726061673146
7    0.742955055671
8    0.776366332189
9    0.746218181943
10   0.760790503281
11   0.742764610105
12   0.748548993714
13   0.74148147534
14   0.752129686229
15   0.73900795748
16   0.75241846465
17   0.739297134607
18   0.764068000023
19   0.766604330732
20   0.727158506045
21   0.753021259595
22   0.74432827483
23   0.741883710464
24   0.755480448154
25   0.749690172546
26   0.754169798045
27   0.741134187456
28   0.746678180188
29   0.716765378894
30   0.603515730268
31   0.277826556172
32   -0.243236204711
33   -0.585544873984
34   -0.703101903093
35   -0.769418976591
36   -0.748124117466
37   -0.746743248716
38   -0.758986914628
39   -0.736411435322
40   -0.742973720901
41   -0.752638202281
42   -0.758028192999
43   -0.75010065957
44   -0.742284810761
45   -0.77381888024
46   -0.740462740697
47   -0.753853434269
48   -0.741381116916
49   -0.74592662531
50   -0.741277601899
51   -0.753510786726
52   -0.756285036156
53   -0.747037726092
54   -0.740531734971
55   -0.765065375721
56   -0.750088040076
57   -0.752944671886
58   -0.75092821495
59   -0.748873591312
60   -0.775831769565
61   -0.762656442469
62   -0.776010474872
63   -0.808421135125
0    0.833455864201
1    0.771045491423
2    0.749168327117
3    0.755823126071
4    0.752470705534
5    0.765035645577
6    0.732361667301
7    0.747395558444
8    0.775077407927
9    0.753357260828
10   0.758397403508
11   0.747037328988
12   0.747825557918
13   0.744577532396
14   0.748238675426
15   0.731895149249
16   0.747647439324
17   0.739014106211
18   0.75833687155
19   0.765922441836
20   0.736794464856
21   0.754311548547
22   0.747236561964
23   0.736632632373
24   0.749427424563
25   0.755047005195
26   0.753111866434
27   0.740695957774
28   0.754447336553
29   0.712979006693
30   0.599135621885
31   0.273752307221
32   -0.243126212764
33   -0.589302892339
34   -0.706827326499
35   -0.768335818436
36   -0.74362047565
37   -0.747571490778
38   -0.756762526169
39   -0.739810155381
40   -0.740189122788
41   -0.75521232513
42   -0.752104825021
43   -0.753384864288
44   -0.74401901463
45   -0.766738266464
46   -0.745635364465
47   -0.750175433339
48   -0.74809647258
49   -0.743025345646
50   -0.73562353853
51   -0.752738914383
52   -0.763063664987
53   -0.744926414771
54   -0.748274320008
55   -0.758920581992
56   -0.752988777328
57   -0.750013903765
58   -0.749201792856
59   -0.748450750212
60   -0.777373311042
61   -0.763031321418
62   -0.78133549877
63   -0.81777443461
0    0.819745582656
1    0.771445050238
2    0.749359360226
3    0.758595167811
4    0.75777806228
5    0.76799270952
6    0.727343306656
7    0.7444860357
8    0.78465671238
9    0.743959653872
10   0.760688110173
11   0.749319353363
12   0.744989729893
13   0.74830941075
14   0.751609112629
15   0.741497490615
16   0.748055778293
17   0.741087941469
18   0.760249896314
19   0.768390614937
20   0.732067610867
21   0.756246719705
22   0.741641616555
23   0.74286942204
24   0.760521517916
25   0.745885879603
26   0.758553742164
27   0.742532487436
28   0.744704232437
29   0.713829096902
30   0.596854054462
31   0.266930049935
32   -0.247437637265
33   -0.596112100321
34   -0.700579956792
35   -0.765515935304
36   -0.742575472961
37   -0.745062577002
38   -0.764470407488
39   -0.735882846314
40   -0.743820415017
41   -0.752257903138
42   -0.758607821157
43   -0.753275288584
44   -0.745100999575
45   -0.770462996631
46   -0.745476136692
47   -0.748686563987
48   -0.737825032849
49   -0.742752153205
50   -0.744878457939
51   -0.76007075855
52   -0.75469443466
53   -0.746060661442
54   -0.740303022221
55   -0.765790227078
56   -0.751122925684
57   -0.755386748721
58   -0.753606014625
59   -0.742154597455
60   -0.76606767155
61   -0.763436714358
62   -0.782901072375
63   -0.819820024309
0    0.817765206191
1    0.777745066708
2    0.750062543483
3    0.762622113571
4    0.743869800326
5    0.776501132561
6    0.73118193863
7    0.75255361127
8    0.775768121427
9    0.745349372354
10   0.762248161081
11   0.742704826085
12   0.750196094673
13   0.74330137174
14   0.746553764193
15   0.739585545335
16   0.744949321446
17   0.748433946912
18   0.756878753996
19   0.76170210839
20   0.72825448251
21   0.752680989617
22   0.742669316995
23   0.74608127183
24   0.755363283603
25   0.755183477649
26   0.756004496263
27   0.743098971706
28   0.749295123076
29   0.712660606379
30   0.601101755267
31   0.273567069439
32   -0.245239915883
33   -0.584973079427
34   -0.706849382104
35   -0.766777017709
36   -0.740867462541
37   -0.74740540991
38   -0.76372201361
39   -0.743065444374
40   -0.739474095791
41   -0.757930253693
42   -0.758891554891
43   -0.747799417004
44   -0.744161576654
45   -0.764208060346
46   -0.743158617471
47   -0.746142298437
48   -0.740630360051
49   -0.743250483239
50   -0.743153729897
51   -0.763072166533
52   -0.760757239912
53   -0.749418110529
54   -0.742008753643
55   -0.762397445253
56   -0.751530216633
57   -0.746818966782
58   -0.766086713422
59   -0.751270231259
60   -0.774786271477
61   -0.768243546737
62   -0.778929506762
63   -0.802914386339
