0    0.822796776643
1    0.772147088719
2    0.755752360384
3    0.763570382523
4    0.752392287009
5    0.770826901364
6    0.730161428213
7    0.747559271298
8    0.780906951508
9    0.746114172668
10   0.755706897507
11   0.745951466899
12   0.747747677265
13   0.740029039288
14   0.756137256303
15   0.739767836282
16   0.742139707566
17   0.735366856621
18   0.753001722472
19   0.762213672994
20   0.737585104391
21   0.757054229568
22   0.747413398801
23   0.743294228907
24   0.750372521554
25   0.750112655421
26   0.753183605058
27   0.74034271126
28   0.74506952329
29   0.712059413717
30   0.607539471863
31   0.27025483925
32   -0.248157993224
33   -0.588203519371
34   -0.703961520698
35   -0.767454765665
36   -0.746957399762
37   -0.749143985768
38   -0.759418948304
39   -0.737334195382
40   -0.740479551363
41   -0.75322275221
42   -0.759303232849
43   -0.75684567681
44   -0.736431165595
45   -0.765151845893
46   -0.741961499803
47   -0.753628239994
48   -0.739599027835
49   -0.74392651385
50   -0.743524125294
51   -0.75635684513
52   -0.75291062913
53   -0.741666073105
54   -0.745562122822
55   -0.766680783939
56   -0.747449963949
57   -0.756239134447
58   -0.755497063561
59   -0.74790568703
60   -0.773289328626
61   -0.761728158097
62   -0.775580276522
63   -0.818999853139
0    0.811854429232
1    0.777110085281
2    0.754658662705
3    0.758954639102
4    0.744765821654
5    0.76527979537
6    0.734696830807
7    0.753151048261
8    0.772389178241
9    0.74865635879
10   0.760811114336
11   0.748295083585
12   0.755974606032
13   0.739387286123
14   0.748305687963
15   0.733432722927
16   0.752496431762
17   0.739479591944
18   0.760735798366
19   0.762397447405
20   0.729213124374
21   0.752635836187
22   0.74088645672
23   0.744627467036
24   0.755974158232
25   0.752848331567
26   0.74941728282
27   0.745310336243
28   0.748020345863
29   0.713662336676
30   0.60241987356
31   0.279737034382
32   -0.241064147435
33   -0.586924926644
34   -0.703271021877
35   -0.76888712001
36   -0.750501600692
37   -0.751593153996
38   -0.758502571194
39   -0.744120179516
40   -0.741813806833
41   -0.754660142128
42   -0.756744740833
43   -0.748827020254
44   -0.744562966857
45   -0.771130618116
46   -0.743824992334
47   -0.750411969805
48   -0.739441881963
49   -0.744915304149
50   -0.745671987298
51   -0.753551624708
52   -0.757076489417
53   -0.74681443863
54   -0.745261800246
55   -0.755036156475
56   -0.744737111652
57   -0.753764642394
58   -0.758313416369
59   -0.745591644965
60   -0.773942620501
61   -0.765124687049
62   -0.784494439171
63   -0.807006001329
0    0.81922805222
1    0.7765071647
2    0.752082597326
3    0.757475178285
4    0.752946252928
5    0.766454563337
6    0.731107456398
7    0.745961304623
8    0.776072099348
9    0.744039642796
10   0.763886531612
11   0.750672161999
12   0.747399510449
13   0.749287797525
14   0.747127576053
15   0.736691296821
16   0.750904315978
17   0.737436172923
18   0.758215126445
19   0.765068927113
20   0.728814271657
21   0.751581227148
22   0.745817686871
23   0.745007726406
24   0.756892175777
25   0.749489061613
26   0.752757026981
27   0.744295541712
28   0.74631901539
29   0.710201631537
30   0.601323990696
31   0.277746102341
32   -0.241331185751
33   -0.589946086871
34   -0.703184080774
35   -0.764928447884
36   -0.74397210469
37   -0.752856150477
38   -0.758037033447
39   -0.742659957421
40   -0.737864113292
41   -0.754174721529
42   -0.755853655943
43   -0.751112188133
44   -0.752441362184
45   -0.761275026452
46   -0.745561117828
47   -0.751254375285
48   -0.747006651554
49   -0.743323555764
50   -0.738141335327
51   -0.758239240288
52   -0.760537180497
53   -0.746442382663
54   -0.743241459216
55   -0.765319619354
56   -0.751223232612
57   -0.748711578756
58   -0.754956136184
59   -0.748705277748
60   -0.767300113966
61   -0.767164612772
62   -0.775848020068
63   -0.816197026338
0    0.822461531523
1    0.780357448403
2    0.745660588403
3    0.751064755434
4    0.756008078553
5    0.765976642087
6    0.736676459834
7    0.740907595774
8    0.776909590665
9    0.752028537881
10   0.760606879021
11   0.752328469115
12   0.746098683405
13   0.736063271517
14   0.749128650768
15   0.736548510223
16   0.746332692687
17   0.738800472605
18   0.760354229135
19   0.767157566634
20   0.731435297356
21   0.748722441224
22   0.743136506683
23   0.745289176902
24   0.752180593694
25   0.745535253857
26   0.748762133693
27   0.746406162567
28   0.7462711999
29   0.711976123364
30   0.606688240192
31   0.285714555789
32   -0.233756757949
33   -0.589261846839
34   -0.700297404598
35   -0.766571922632
36   -0.740483176005
37   -0.747770899778
38   -0.758615393981
39   -0.743684609888
40   -0.742371712535
41   -0.759911892014
42   -0.761211349192
43   -0.747857020504
44   -0.744482274362
45   -0.767654840457
46   -0.747875278043
47   -0.745921095841
48   -0.743051409636
49   -0.746882048585
50   -0.741933211156
51   -0.754647021267
52   -0.760272930883
53   -0.742963133145
54   -0.745906204129
55   -0.762560732181
56   -0.753101296148
57   -0.749680263756
58   -0.755708402167
59   -0.750713085679
60   -0.773292945007
61   -0.767807556049
62   -0.776647469389
63   -0.810693129596
0    0.825810606302
1    0.779649891306
2    0.747223122893
3    0.760694127033
4    0.744165278202
5    0.76760028919
6    0.729352133392
7    0.740772798231
8    0.779128247449
9    0.740317921334
10   0.755234565993
11   0.750078084083
12   0.750950897827
13   0.740956691207
14   0.752761070165
15   0.740393767472
16   0.748661771849
17   0.739181359945
18   0.757565382484
19   0.766303665511
20   0.728419977991
21   0.751060930389
22   0.742394844786
23   0.746704733823
24   0.754037113032
25   0.74929658818
26   0.753100526994
27   0.743405447237
28   0.747510386059
29   0.713096452579
30   0.602420395682
31   0.277073142891
32   -0.240357977564
33   -0.587515643549
34   -0.703590011144
35   -0.768256076168
36   -0.747007972517
37   -0.747673456322
38   -0.760185606797
39   -0.735907169587
40   -0.74368636533
41   -0.752574629826
42   -0.755279744169
43   -0.750341028236
44   -0.743576091899
45   -0.770482895149
46   -0.741030897828
47   -0.751443905366
48   -0.744438793471
49   -0.742076227235
50   -0.739468539456
51   -0.756009594029
52   -0.760476546729
53   -0.74631759854
54   -0.739269468223
55   -0.766349682215
56   -0.743372378204
57   -0.754164014514
58   -0.755922197161
59   -0.743205175943
60   -0.772456166009
61   -0.765765165992
62   -0.784454276914
63   -0.812666904002
0    0.824828358645
1    0.769746263285
2    0.74456926633
3    0.761715020353
4    0.756494479101
5    0.761057077281
6    0.734305536656
7    0.757510724406
8    0.775280905617
9    0.745018026152
10   0.754605863379
11   0.748545271819
12   0.752735013804
13   0.739581789929
14   0.752265321344
15   0.737368085837
16   0.747730181501
17   0.739880130081
18   0.763441161414
19   0.766534102365
20   0.733649795776
21   0.750987914222
22   0.747625087602
23   0.744205265241
24   0.760129387275
25   0.745522583787
26   0.758502264777
27   0.746005177429
28   0.74327495434
29   0.711500931533
30   0.600438806974
31   0.270885486928
32   -0.247962217046
33   -0.591234256659
34   -0.70368933592
35   -0.767995303598
36   -0.74298574973
37   -0.748907118774
38   -0.759784141609
39   -0.737847658182
40   -0.740071425759
41   -0.756896116855
42   -0.756411959317
43   -0.752649019489
44   -0.73980584621
45   -0.772772256169
46   -0.739817212469
47   -0.752646362621
48   -0.738954119136
49   -0.749205890541
50   -0.738667813636
51   -0.749665883592
52   -0.762815745656
53   -0.749126146305
54   -0.743702227148
55   -0.760474187761
56   -0.748424356138
57   -0.752614797027
58   -0.751997918185
59   -0.750940276693
60   -0.780924933384
61   -0.763351223573
62   -0.782405661273
63   -0.811193032727
0    0.814610341149
1    0.77368695911
2    0.748236644673
3    0.757108688956
4    0.748829336668
5    0.770736341232
6    0.726553286978
7    0.742994070417
8    0.775855702881
9    0.746330771095
10   0.760443616762
11   0.743235156854
12   0.748260449352
13   0.74166546518
14   0.752289030316
15   0.739143448514
16   0.752478007806
17   0.73945113853
18   0.763420715615
19   0.766157620823
20   0.727823121834
21   0.752969721188
22   0.744519328783
23   0.742344571561
24   0.75529270942
25   0.749948909583
26   0.754003574473
27   0.741205881553
28   0.746299685999
29   0.716872020128
30   0.603016873
31   0.278132781357
32   -0.243241297928
33   -0.585833410268
34   -0.703304138551
35   -0.768739317974
36   -0.748098865501
37   -0.747105288236
38   -0.758670060022
39   -0.737162642917
40   -0.742863776595
41   -0.752357754818
42   -0.757743623195
43   -0.750198276736
44   -0.742193346662
45   -0.772983339736
46   -0.74091316421
47   -0.753878895306
48   -0.741874571088
49   -0.746224507782
50   -0.741548952851
51   -0.753026176724
52   -0.75623995977
53   -0.747279876365
54   -0.740522360469
55   -0.764753056499
56   -0.749896811137
57   -0.75308034821
58   -0.751175225522
59   -0.749368487621
60   -0.775500795864
61   -0.762757913045
62   -0.776503115776
63   -0.808876606821
0    0.832969534305
1    0.771770841514
2    0.749862633797
3    0.755843279939
4    0.752793864275
5    0.76482228462
6    0.732685659771
7    0.747238594749
8    0.774832892363
9    0.753220538901
10   0.75820898295
11   0.747510273158
12   0.747615604903
13   0.744657245465
14   0.748505232373
15   0.732234081503
16   0.747794180645
17   0.739219611464
18   0.757854271776
19   0.765432733001
20   0.737198133016
21   0.754172601849
22   0.747305448486
23   0.737207372804
24   0.749370629476
25   0.755098100512
26   0.752981848111
27   0.740817922197
28   0.753872774559
29   0.713133144286
30   0.598782360266
31   0.274141167724
32   -0.243325757885
33   -0.589505565759
34   -0.706939120197
35   -0.767619972168
36   -0.743796776325
37   -0.747802438745
38   -0.756530007871
39   -0.740411248073
40   -0.740082170349
41   -0.754821156085
42   -0.752112728109
43   -0.753369671099
44   -0.743815398802
45   -0.766271060059
46   -0.745854367619
47   -0.750365200821
48   -0.748244907503
49   -0.743329196232
50   -0.73607844457
51   -0.752409360355
52   -0.762820602469
53   -0.745265253882
54   -0.748086837981
55   -0.758856036032
56   -0.752708231544
57   -0.750309409104
58   -0.749455061334
59   -0.748858655567
60   -0.776967868906
61   -0.763168884703
62   -0.781923197329
63   -0.818049328968
0    0.819644745116
1    0.772087163064
2    0.749964789824
3    0.758377636094
4    0.757967681314
5    0.767727978226
6    0.727906023837
7    0.744333145064
8    0.784104912703
9    0.744189519827
10   0.760368607485
11   0.749747738034
12   0.744901553613
13   0.748317871578
14   0.751832505733
15   0.741558369039
16   0.748241608729
17   0.741200768832
18   0.759825876493
19   0.767903883555
20   0.732686691062
21   0.75603640058
22   0.741876898116
23   0.743433448272
24   0.760259594374
25   0.746106145416
26   0.758263156101
27   0.742594664382
28   0.744422503986
29   0.713753194085
30   0.596513904093
31   0.267373671999
32   -0.247469470727
33   -0.596155050812
34   -0.70082835164
35   -0.764840652294
36   -0.742901926839
37   -0.745473561619
38   -0.764000548287
39   -0.736609751602
40   -0.743760284801
41   -0.751941276734
42   -0.75836284894
43   -0.753255033269
44   -0.745079276828
45   -0.769814225668
46   -0.74558241135
47   -0.748893758072
48   -0.738409778438
49   -0.743058865566
50   -0.745092775011
51   -0.759547352725
52   -0.754668065436
53   -0.746367824635
54   -0.740309645407
55   -0.765416747363
56   -0.750912174952
57   -0.755522883686
58   -0.753954142157
59   -0.742635907745
60   -0.765709341635
61   -0.763569281089
62   -0.783385965454
63   -0.819993504189
0    0.817675114963
1    0.77818181379
2    0.750802143358
3    0.762420472447
4    0.744395436664
5    0.775946129818
6    0.731730342639
7    0.752238016002
8    0.775533435557
9    0.745445654914
10   0.761937614184
11   0.743183678554
12   0.749992044685
13   0.743429140471
14   0.746934308616
15   0.739711741547
16   0.745138106569
17   0.748286848192
18   0.756502423396
19   0.761364334564
20   0.728897436604
21   0.752488230897
22   0.742821101019
23   0.746436566215
24   0.755184598035
25   0.75516857639
26   0.755820550826
27   0.743186740112
28   0.748901608653
29   0.71283372867
30   0.600763504549
31   0.273942133546
32   -0.245363624324
33   -0.585303937711
34   -0.70691802951
35   -0.766253489558
36   -0.741086049198
37   -0.747741879771
38   -0.763284472948
39   -0.74361376781
40   -0.739565873432
41   -0.757424937563
42   -0.758482782384
43   -0.747818365986
44   -0.744128709695
45   -0.763692207191
46   -0.743516039057
47   -0.746375556786
48   -0.741123693942
49   -0.743533527978
50   -0.743376264047
51   -0.762482598998
52   -0.760681415654
53   -0.749587490107
54   -0.742046495731
55   -0.762104413362
56   -0.751412251344
57   -0.747326564193
58   -0.766032025113
59   -0.751615650641
60   -0.774382587804
61   -0.768105090906
62   -0.779402276428
63   -0.803511314224
