0    0.814543510214
1    0.775278929044
2    0.758538221062
3    0.760202407899
4    0.755744746056
5    0.767962954253
6    0.735438279743
7    0.747554190957
8    0.773400958099
9    0.748378336213
10   0.753600575129
11   0.750892951478
12   0.745861679066
13   0.742393823459
14   0.755507105093
15   0.743649834686
16   0.744800463921
17   0.738346064747
18   0.75025295549
19   0.757677707193
20   0.741731897638
21   0.755084766678
22   0.748871167112
23   0.74658664949
24   0.749397787847
25   0.752542714838
26   0.751898266212
27   0.741782996525
28   0.74109191848
29   0.71236724706
30   0.602887325041
31   0.272796554626
32   -0.249022907105
33   -0.590324845058
34   -0.707506801999
35   -0.760220344297
36   -0.747935908057
37   -0.750965726817
38   -0.756037648963
39   -0.742666596236
40   -0.740545171909
41   -0.751015681673
42   -0.756005151012
43   -0.754795354073
44   -0.73843403852
45   -0.75977362921
46   -0.745114498051
47   -0.75469075814
48   -0.743847314897
49   -0.74756551164
50   -0.745364221337
51   -0.752414103644
52   -0.751780093734
53   -0.744146334781
54   -0.746109114928
55   -0.761928878059
56   -0.747225955264
57   -0.75805585941
58   -0.757782091027
59   -0.750789231224
60   -0.770498350582
61   -0.761840068552
62   -0.778030639867
63   -0.814632130597
0    0.805007773685
1    0.779355966975
2    0.759355486959
3    0.757524584815
4    0.748366830165
5    0.762432707761
6    0.738077697409
7    0.749395872136
8    0.768373034355
9    0.749422015647
10   0.757805998986
11   0.751298280474
12   0.752636510133
13   0.742902315295
14   0.750057813687
15   0.739156768911
16   0.752311727478
17   0.740905663728
18   0.756248734257
19   0.758793786092
20   0.736505932815
21   0.75137633497
22   0.743001669042
23   0.748135327424
24   0.753567134145
25   0.753982037413
26   0.749243843091
27   0.744903138364
28   0.744328954399
29   0.713461323281
30   0.599565340396
31   0.281207704395
32   -0.242068566545
33   -0.589090161676
34   -0.707469857516
35   -0.761269666687
36   -0.750108799228
37   -0.753647363072
38   -0.755866348407
39   -0.748211465214
40   -0.741681652634
41   -0.751617862417
42   -0.755419290016
43   -0.748969387045
44   -0.745303244672
45   -0.763235435816
46   -0.746504812
47   -0.751859101762
48   -0.744231516622
49   -0.747807915673
50   -0.747199908072
51   -0.750158332685
52   -0.755484692976
53   -0.748188415247
54   -0.742863588666
55   -0.754060118075
56   -0.74513163824
57   -0.756441613023
58   -0.758840313929
59   -0.749397933192
60   -0.771552008186
61   -0.764492939654
62   -0.785738046697
63   -0.804796673473
0    0.812468580565
1    0.778095311839
2    0.756191877576
3    0.755698722928
4    0.755779010076
5    0.762928445737
6    0.735399654752
7    0.746193989447
8    0.769607677923
9    0.746630833873
10   0.760090366435
11   0.754397665623
12   0.747767994542
13   0.749337610215
14   0.749504047744
15   0.740785642288
16   0.751497903396
17   0.740031086777
18   0.752947937271
19   0.760043427921
20   0.735707698982
21   0.75060080574
22   0.746750833778
23   0.747843729198
24   0.754646219803
25   0.751429192623
26   0.750628493473
27   0.744400533077
28   0.742180910733
29   0.711872117664
30   0.59857220406
31   0.279887253369
32   -0.242211247797
33   -0.59080748026
34   -0.70655303168
35   -0.758330466195
36   -0.746544736126
37   -0.753375874957
38   -0.75583848866
39   -0.746583152814
40   -0.738575557002
41   -0.752506886912
42   -0.754032878721
43   -0.75103860743
44   -0.74981505631
45   -0.757787368548
46   -0.748067757972
47   -0.753869394843
48   -0.748405143706
49   -0.746524050829
50   -0.741697607824
51   -0.754012861436
52   -0.757291149111
53   -0.748720526256
54   -0.743712383859
55   -0.761415922014
56   -0.748786752847
57   -0.752120504808
58   -0.756293162819
59   -0.753265477364
60   -0.765347296031
61   -0.766458583468
62   -0.778026746772
63   -0.811901572988
0    0.813805327844
1    0.78200090788
2    0.752369254612
3    0.750478903065
4    0.757080061804
5    0.76256050223
6    0.74007453806
7    0.741992020562
8    0.771556598307
9    0.752085519375
10   0.758151343964
11   0.755051263238
12   0.7460672519
13   0.73973028843
14   0.749682286605
15   0.740748928307
16   0.747883005121
17   0.740705278973
18   0.753896333268
19   0.761757873517
20   0.736614142087
21   0.748981879681
22   0.745144217722
23   0.748294068266
24   0.751105030021
25   0.748183617995
26   0.748078684578
27   0.74560142974
28   0.74230780128
29   0.712106203006
30   0.602969191388
31   0.287825590137
32   -0.234161204822
33   -0.58893053596
34   -0.705003471485
35   -0.759304570155
36   -0.743293975162
37   -0.750365958196
38   -0.756738833631
39   -0.747755854594
40   -0.742555934206
41   -0.755914962033
42   -0.758333965262
43   -0.748511604121
44   -0.74417336888
45   -0.761907105912
46   -0.748687761154
47   -0.749556714619
48   -0.746347645888
49   -0.749064876793
50   -0.74462013321
51   -0.751253996261
52   -0.758236186846
53   -0.746187550452
54   -0.745384129045
55   -0.759275595586
56   -0.752704119483
57   -0.752082001253
58   -0.757976551078
59   -0.753332828574
60   -0.771585595549
61   -0.765805930637
62   -0.77912143287
63   -0.806714894753
0    0.816491176992
1    0.781435089841
2    0.752740517144
3    0.759028750033
4    0.747483853809
5    0.763763460855
6    0.73432853128
7    0.741366862087
8    0.773376424203
9    0.743573214993
10   0.753012838468
11   0.751996055852
12   0.748536136199
13   0.743977555632
14   0.752963657671
15   0.742857965859
16   0.749977966854
17   0.741004534207
18   0.75292289641
19   0.761396068339
20   0.73479391576
21   0.750090020902
22   0.74450472073
23   0.749174864546
24   0.752292625941
25   0.751664993692
26   0.751705918687
27   0.744027973422
28   0.743194110494
29   0.713823842278
30   0.59953012666
31   0.278895769608
32   -0.241996360429
33   -0.589214893713
34   -0.70601776932
35   -0.760151762796
36   -0.748110893165
37   -0.750415693746
38   -0.757097076448
39   -0.742413600885
40   -0.742673172464
41   -0.750434755488
42   -0.75350660805
43   -0.749804963585
44   -0.743952538628
45   -0.76339796445
46   -0.744286217477
47   -0.753255096566
48   -0.746411452351
49   -0.745446555153
50   -0.742394566201
51   -0.752569442998
52   -0.757055267427
53   -0.748650460651
54   -0.739505249298
55   -0.763031577094
56   -0.743854087009
57   -0.755195835747
58   -0.758112085005
59   -0.747779398204
60   -0.770113710107
61   -0.764796405214
62   -0.78422574193
63   -0.810061148462
0    0.816840016698
1    0.772565256593
2    0.752149465155
3    0.757939302203
4    0.758027341859
5    0.758773356689
6    0.739046671078
7    0.754019166117
8    0.770659783395
9    0.747245935327
10   0.75277780428
11   0.751904111379
12   0.749022350972
13   0.7427469135
14   0.752081473459
15   0.741434109513
16   0.749275174911
17   0.741783904926
18   0.75748803316
19   0.762473973035
20   0.739495639312
21   0.750569965655
22   0.748636510653
23   0.748119756603
24   0.757612884522
25   0.749514751986
26   0.755006216709
27   0.745701194332
28   0.740349875206
29   0.712014142995
30   0.598701264071
31   0.273612316685
32   -0.249284966894
33   -0.592765584281
34   -0.706987648594
35   -0.759563213344
36   -0.746236764341
37   -0.75145053957
38   -0.755765955421
39   -0.74323487925
40   -0.740706491765
41   -0.753842350687
42   -0.754663945308
43   -0.75197870019
44   -0.740797444883
45   -0.764274744654
46   -0.743341103992
47   -0.752800535959
48   -0.742870667336
49   -0.751241488544
50   -0.741959809972
51   -0.749307959834
52   -0.758880797254
53   -0.75050014886
54   -0.743500493606
55   -0.758118827201
56   -0.74738156047
57   -0.755583725387
58   -0.755281583511
59   -0.753614309505
60   -0.776427513379
61   -0.763333640361
62   -0.783624226375
63   -0.80826757393
0    0.807821497144
1    0.777317224483
2    0.753997965908
3    0.754022531188
4    0.752255882545
5    0.766022859612
6    0.732240501303
7    0.74393744618
8    0.769023641606
9    0.747726117925
10   0.756777413731
11   0.747764834104
12   0.74637146285
13   0.743544877821
14   0.752428126611
15   0.742141183191
16   0.752806779468
17   0.74136720288
18   0.757238507281
19   0.761135487531
20   0.734734568127
21   0.752477558437
22   0.746832068478
23   0.746035593271
24   0.753613592122
25   0.752338806092
26   0.752569225538
27   0.742005076019
28   0.742332768902
29   0.716669205758
30   0.599852698346
31   0.280190596284
32   -0.243323933292
33   -0.588118622498
34   -0.706320181804
35   -0.761357978864
36   -0.747994526862
37   -0.749938574284
38   -0.756061134469
39   -0.743310394795
40   -0.742291760121
41   -0.750479570948
42   -0.755451832371
43   -0.750311744216
44   -0.742021209001
45   -0.764964503303
46   -0.744872683188
47   -0.75413031034
48   -0.745800523327
49   -0.748818575937
50   -0.744454290772
51   -0.749077042149
52   -0.755218350165
53   -0.749077105182
54   -0.741401195692
55   -0.760718274836
56   -0.748836977077
57   -0.754277362637
58   -0.753556753316
59   -0.753756852898
60   -0.772069610897
61   -0.762832616793
62   -0.778486496217
63   -0.806262141683
0    0.82186638054
1    0.775438579614
2    0.75551696126
3    0.755633547867
4    0.75529270942
5    0.761965880055
6    0.73690811997
7    0.746430123883
8    0.770433936727
9    0.752304423992
10   0.756177550974
11   0.751833967124
12   0.746573879726
13   0.745840531389
14   0.750037993348
15   0.736839312242
16   0.74920281721
17   0.741371973959
18   0.753318985062
19   0.760006745221
20   0.741506917927
21   0.752938617203
22   0.748389503721
23   0.742148447774
24   0.748980752323
25   0.755428252258
26   0.751772811707
27   0.742219501691
28   0.747939771905
29   0.713558973417
30   0.596894481471
31   0.276875052994
32   -0.245183703681
33   -0.590909072044
34   -0.709082172356
35   -0.759885384853
36   -0.745633103064
37   -0.749428262406
38   -0.754300426656
39   -0.745071429131
40   -0.740086730587
41   -0.751802847406
42   -0.752376474166
43   -0.75245458063
44   -0.742875678814
45   -0.761360531355
46   -0.7479742523
47   -0.751692749723
48   -0.749169075021
49   -0.746419310571
50   -0.740826389088
51   -0.749982925879
52   -0.759672206166
53   -0.748220975054
54   -0.747009607997
55   -0.757902336388
56   -0.750437343368
57   -0.752600943905
58   -0.751804553953
59   -0.752532376938
60   -0.773194919872
61   -0.763250779641
62   -0.784749425497
63   -0.813756822513
0    0.812265951261
1    0.775165269538
2    0.754877677272
3    0.755807002684
4    0.758722895393
5    0.764343693463
6    0.734578006123
7    0.743636233986
8    0.776778025062
9    0.746503134543
10   0.757301341795
11   0.753807592572
12   0.74505514963
13   0.748545271819
14   0.752810373231
15   0.743639067481
16   0.749923005103
17   0.742557222523
18   0.755700738583
19   0.762412575029
20   0.738940205079
21   0.754500929055
22   0.74470389278
23   0.747829395359
24   0.757583377639
25   0.748884584054
26   0.755316458749
27   0.743220530029
28   0.741450693487
29   0.712270065234
30   0.594593778508
31   0.270839297799
32   -0.248028744565
33   -0.595719464732
34   -0.704462768237
35   -0.757685129493
36   -0.745923923406
37   -0.748772637582
38   -0.759765665345
39   -0.742788420044
40   -0.743464514335
41   -0.749925389053
42   -0.756443835498
43   -0.752449267932
44   -0.745316494692
45   -0.763236586595
46   -0.746939033175
47   -0.750643132858
48   -0.743309893428
49   -0.746194275578
50   -0.747388797047
51   -0.754968310015
52   -0.753895172974
53   -0.748822609035
54   -0.741208743766
55   -0.761189337455
56   -0.749294719869
57   -0.756587354398
58   -0.756704470921
59   -0.747382567295
60   -0.762687304282
61   -0.763959729213
62   -0.785058513762
63   -0.814346802695
0    0.810559698093
1    0.779100134382
2    0.756541920149
3    0.760050898093
4    0.749015699814
5    0.769953829333
6    0.738056384474
7    0.749390463048
8    0.771433916793
9    0.746982996101
10   0.758543469231
11   0.747845535021
12   0.748768335499
13   0.745021987565
14   0.749517230846
15   0.742560626387
16   0.746921882196
17   0.747059467946
18   0.752869106969
19   0.757557223083
20   0.735408225515
21   0.750961586593
22   0.744673889296
23   0.748934755055
24   0.75354592435
25   0.755188631416
26   0.753689670815
27   0.744143981336
28   0.744645470071
29   0.713649256266
30   0.599004194848
31   0.276813955309
32   -0.246385260865
33   -0.587996173332
34   -0.708709482382
35   -0.760188474985
36   -0.743412553528
37   -0.750616743986
38   -0.759286930592
39   -0.747840022405
40   -0.740859772862
41   -0.753238576128
42   -0.755091197919
43   -0.747565826331
44   -0.74431934055
45   -0.758561367268
46   -0.746922553854
47   -0.748727394462
48   -0.745185572105
49   -0.7464894715
50   -0.74592675098
51   -0.757029725389
52   -0.759227327727
53   -0.750596794966
54   -0.743355518838
55   -0.758850370954
56   -0.750868287295
57   -0.75212461447
58   -0.76478526371
59   -0.754716684233
60   -0.770187549088
61   -0.765894387939
62   -0.78128524297
63   -0.802164855326
