0    0.774246404544
1    0.763998037523
2    0.756040878297
3    0.753171592846
4    0.756656932969
5    0.763305144547
6    0.743680435586
7    0.747229560118
8    0.762878082502
9    0.749911404183
10   0.752960513611
11   0.754630862133
12   0.74622643439
13   0.744828425922
14   0.753333464923
15   0.750103759328
16   0.747305448486
17   0.742231986682
18   0.748045509788
19   0.752371164636
20   0.744796501631
21   0.753216946611
22   0.750893739121
23   0.749211608612
24   0.748924721056
25   0.754375576403
26   0.75069759691
27   0.743375518138
28   0.73736101455
29   0.711370421959
30   0.600356471603
31   0.273315860119
32   -0.249760933569
33   -0.592007654109
34   -0.711904345479
35   -0.752206052494
36   -0.748721093354
37   -0.751354884931
38   -0.752954796349
39   -0.746152040018
40   -0.742324817196
41   -0.750087976979
42   -0.753345995506
43   -0.751055849461
44   -0.742844608056
45   -0.754616026293
46   -0.748966487829
47   -0.754032055217
48   -0.746876136462
49   -0.750560685726
50   -0.746913685324
51   -0.749137051663
52   -0.749780236839
53   -0.745988268388
54   -0.748408923172
55   -0.756370623392
56   -0.749055800148
57   -0.758881115525
58   -0.758484118594
59   -0.752284967713
60   -0.764638450781
61   -0.757250031031
62   -0.768255562137
63   -0.7758306042
0    0.76637490719
1    0.767022940118
2    0.758485291175
3    0.753432461144
4    0.74993809736
5    0.75703823785
6    0.743602458113
7    0.746532518134
8    0.760053908445
9    0.750126506143
10   0.755425788007
11   0.754136376091
12   0.750845016621
13   0.745662398173
14   0.75084366631
15   0.747358408831
16   0.751394554306
17   0.743683042286
18   0.752191381698
19   0.754362345063
20   0.743110878724
21   0.750704011808
22   0.74624949566
23   0.75044074211
24   0.751303004407
25   0.754721995798
26   0.749169679692
27   0.744642299749
28   0.740279370642
29   0.712224804048
30   0.599098559506
31   0.280722823126
32   -0.243239093398
33   -0.590873233934
34   -0.712292262989
35   -0.752959668784
36   -0.749779858373
37   -0.754642520914
38   -0.753824173879
39   -0.749716151997
40   -0.743122775817
41   -0.750542947224
42   -0.753879085316
43   -0.748194524066
44   -0.746808652688
45   -0.755931717147
46   -0.749713313688
47   -0.751918140636
48   -0.747789155745
49   -0.750526219032
50   -0.748459380406
51   -0.748028843438
52   -0.752402277084
53   -0.747980548704
54   -0.742942584449
55   -0.752275861793
56   -0.747589491347
57   -0.758051534496
58   -0.75822352788
59   -0.751750261926
60   -0.766862930211
61   -0.758853744536
62   -0.774045113584
63   -0.767958817566
0    0.773161204233
1    0.765279462631
2    0.756113414525
3    0.750881699371
4    0.755284979564
5    0.757345614277
6    0.74249254692
7    0.74640638862
8    0.76014878564
9    0.749371756394
10   0.75657022706
11   0.757234482159
12   0.749878853312
13   0.749169566978
14   0.750766132899
15   0.747965276409
16   0.751237317251
17   0.74331951204
18   0.748734281472
19   0.753942663777
20   0.742076934741
21   0.749916247302
22   0.748604143812
23   0.749579087698
24   0.752400713363
25   0.753146894386
26   0.749428438732
27   0.744292143749
28   0.738334670571
29   0.711527616595
30   0.598524703163
31   0.279566061865
32   -0.243386807642
33   -0.590805543229
34   -0.710779895191
35   -0.751168024657
36   -0.748665204265
37   -0.753196991406
38   -0.753886939101
39   -0.74811227856
40   -0.741135700538
41   -0.751736547177
42   -0.75305686932
43   -0.750039645793
44   -0.748935983543
45   -0.754536736775
46   -0.751317737512
47   -0.754241183612
48   -0.74841219872
49   -0.749428514628
50   -0.745328049355
51   -0.750465873615
52   -0.753666803131
53   -0.749423281038
54   -0.745938564039
55   -0.756265799083
56   -0.74838026258
57   -0.755149540084
58   -0.756929977909
59   -0.755435339037
60   -0.761469975536
61   -0.760062091293
62   -0.7678040879
63   -0.773539535562
0    0.772744056162
1    0.768897665094
2    0.754516176607
3    0.74719918057
4    0.755511137173
5    0.757816726474
6    0.745639775812
7    0.743877958862
8    0.762380428555
9    0.751672526715
10   0.756078490331
11   0.756925170224
12   0.748087598705
13   0.743127888505
14   0.749420212668
15   0.747906141078
16   0.748764839941
17   0.743267584555
18   0.748208664989
19   0.75515737229
20   0.741964433254
21   0.749054478825
22   0.748110278593
23   0.75047834023
24   0.749379982857
25   0.750576944152
26   0.748006353092
27   0.74446089529
28   0.738750815614
29   0.710880537237
30   0.601482877372
31   0.28783846281
32   -0.234871679928
33   -0.588153288745
34   -0.709878516968
35   -0.751612175002
36   -0.746144372443
37   -0.75212998867
38   -0.754926906914
39   -0.749677740905
40   -0.744468972648
41   -0.753347514779
42   -0.754897551696
43   -0.748517273928
44   -0.745562060009
45   -0.755967386164
46   -0.750282019288
47   -0.751728394259
48   -0.748632756001
49   -0.751345092536
50   -0.747015646716
51   -0.748912601756
52   -0.754587504159
53   -0.748284208346
54   -0.746811922999
55   -0.755862857963
56   -0.753037884098
57   -0.75416014988
58   -0.758629203398
59   -0.755032161649
60   -0.766435365599
61   -0.758854953936
62   -0.769570739422
63   -0.768845458069
0    0.774669958641
1    0.768834449848
2    0.753950404016
3    0.753424941367
4    0.750411585709
5    0.757333204764
6    0.74134493754
7    0.742828474096
8    0.763759017584
9    0.746546757564
10   0.751967281962
11   0.753244674261
12   0.747482160237
13   0.746192293689
14   0.751804289227
15   0.748435413278
16   0.75051649975
17   0.743948776697
18   0.749211946741
19   0.754876892761
20   0.74078030009
21   0.749680709409
22   0.747448288199
23   0.750381640412
24   0.750715490996
25   0.753266676222
26   0.750562761994
27   0.744626221531
28   0.738984956339
29   0.713038841545
30   0.599247913814
31   0.279110142485
32   -0.243133281682
33   -0.590124586485
34   -0.709835423973
35   -0.751621211687
36   -0.74906601138
37   -0.752116395163
38   -0.754334199931
39   -0.746697405598
40   -0.742986376235
41   -0.749793735548
42   -0.751603707134
43   -0.748368420642
44   -0.746138841771
45   -0.756506638358
46   -0.748578131886
47   -0.753180155465
48   -0.747374764428
49   -0.748445962691
50   -0.745309838262
51   -0.749794997119
52   -0.752671666421
53   -0.748939134769
54   -0.74265031243
55   -0.75864256753
56   -0.746334382199
57   -0.755809297048
58   -0.758169649551
59   -0.751757024567
60   -0.764873502696
61   -0.759022565463
62   -0.77208605838
63   -0.772661438996
0    0.775983658986
1    0.761882749406
2    0.755202860157
3    0.751765279439
4    0.756298649072
5    0.755512817202
6    0.74530366035
7    0.750350906149
8    0.762923554055
9    0.748884245814
10   0.751933898717
11   0.754431190968
12   0.747768897522
13   0.744827859898
14   0.750884399888
15   0.748576851097
16   0.749869955138
17   0.744349907549
18   0.752042362092
19   0.756735577117
20   0.744911741257
21   0.750866171254
22   0.750867859105
23   0.750458415654
24   0.755153562867
25   0.753206843228
26   0.7523807147
27   0.745247309508
28   0.737846080094
29   0.711270333571
30   0.599105893514
31   0.274069389473
32   -0.250485798805
33   -0.593640310526
34   -0.711199420693
35   -0.751033996974
36   -0.748735144879
37   -0.753013963231
38   -0.752870450046
39   -0.74634934315
40   -0.74258693337
41   -0.75195954578
42   -0.752796929664
43   -0.749539056979
44   -0.74399944765
45   -0.756366051782
46   -0.747254519872
47   -0.751974464695
48   -0.745862472787
49   -0.752792374362
50   -0.745606469179
51   -0.749201351568
52   -0.753998545523
53   -0.750307578886
54   -0.744924782695
55   -0.755127280878
56   -0.748533653553
57   -0.757695111328
58   -0.757119125375
59   -0.754083367133
60   -0.769615970359
61   -0.758524269343
62   -0.772437454126
63   -0.771278774041
0    0.768818203326
1    0.766976658067
2    0.754581760849
3    0.74866312511
4    0.752667960478
5    0.759711785249
6    0.739719592723
7    0.745405491166
8    0.759045044773
9    0.74864135995
10   0.753726585972
11   0.751781692964
12   0.746044751763
13   0.744806237516
14   0.75068713041
15   0.748377433783
16   0.752375995856
17   0.744340620261
18   0.751674325638
19   0.755388375446
20   0.741611861758
21   0.751624067022
22   0.749611648328
23   0.74901434703
24   0.751909619293
25   0.754258955175
26   0.751537260959
27   0.7430177734
28   0.738417503276
29   0.71426688531
30   0.59973491186
31   0.280222573914
32   -0.24325057221
33   -0.589793742222
34   -0.710417063249
35   -0.753010229602
36   -0.748440797234
37   -0.751774595008
38   -0.753997215294
39   -0.746561649347
40   -0.742751526846
41   -0.750684422108
42   -0.753565554323
43   -0.748900186312
44   -0.743907826596
45   -0.757367542985
46   -0.748511793114
47   -0.753538455068
48   -0.747854250424
49   -0.75071662133
50   -0.747158573705
51   -0.74700985961
52   -0.75322275221
53   -0.749717854986
54   -0.744063104453
55   -0.754995194417
56   -0.749579354691
57   -0.755178331929
58   -0.755136793299
59   -0.756123976777
60   -0.765573350907
61   -0.757620853947
62   -0.768622968972
63   -0.769614426168
0    0.777824698561
1    0.765080242583
2    0.756451511682
3    0.752452730484
4    0.755343008038
5    0.757043382067
6    0.743205562824
7    0.746548678741
8    0.761995146631
9    0.751654649747
10   0.754897738133
11   0.755203756449
12   0.747659856731
13   0.746943458881
14   0.750141370119
15   0.744114980619
16   0.750029209208
17   0.744035790785
18   0.749555652401
19   0.753849439672
20   0.74557247126
21   0.751657123309
22   0.7501241414
23   0.746307598661
24   0.748466093675
25   0.755309289199
26   0.750848617441
27   0.744112828189
28   0.742028688933
29   0.712174745363
30   0.597689826058
31   0.277288177827
32   -0.246563262244
33   -0.59175147602
34   -0.712065665896
35   -0.751418063984
36   -0.747659482651
37   -0.750410770573
38   -0.751922059828
39   -0.746912050001
40   -0.741949107775
41   -0.750800533586
42   -0.752255373776
43   -0.750403512094
44   -0.744529647472
45   -0.756015623869
46   -0.750515172266
47   -0.751408144608
48   -0.749110954646
49   -0.749555327221
50   -0.745307891578
51   -0.748930878578
52   -0.755425887211
53   -0.750311554882
54   -0.747621591067
55   -0.756043171181
56   -0.749678371617
57   -0.753616715667
58   -0.753371190408
59   -0.754380331123
60   -0.767304158102
61   -0.758035507033
62   -0.775010653745
63   -0.775326387736
0    0.77233290151
1    0.76420369111
2    0.755259324975
3    0.750251379194
4    0.756478478429
5    0.758752257032
6    0.743250803918
7    0.744293163139
8    0.765620130114
9    0.748523616881
10   0.755212383217
11   0.757464894267
12   0.746889572781
13   0.748183843646
14   0.752127213836
15   0.748806560327
16   0.751041804944
17   0.744850500634
18   0.752008531773
19   0.755825589344
20   0.744653961956
21   0.753555575424
22   0.748212613782
23   0.75076545769
24   0.754458997091
25   0.75264246331
26   0.75234599697
27   0.744151004821
28   0.738311881828
29   0.71008525164
30   0.594931820782
31   0.27205051106
32   -0.248666900292
33   -0.594195164133
34   -0.709130138651
35   -0.750288645787
36   -0.748739744748
37   -0.751122673034
38   -0.755866031093
39   -0.746648043273
40   -0.743988347321
41   -0.749977500116
42   -0.755164443249
43   -0.750635051981
44   -0.746675962556
45   -0.756485428458
46   -0.749369874759
47   -0.751437208025
48   -0.746551400782
49   -0.749300268023
50   -0.749566111133
51   -0.751644404112
52   -0.752259673696
53   -0.749936240044
54   -0.743601668735
55   -0.756009720972
56   -0.749530417462
57   -0.756621077977
58   -0.757425001125
59   -0.75090118707
60   -0.758479855455
61   -0.759358509668
62   -0.773929244184
63   -0.774036259732
0    0.771006232552
1    0.76608037916
2    0.756824617649
3    0.754636467149
4    0.751509710827
5    0.762324698136
6    0.745802419204
7    0.747204940332
8    0.763264358107
9    0.749018630838
10   0.755599278862
11   0.752594836903
12   0.748782092095
13   0.746499065978
14   0.750219514965
15   0.748770590692
16   0.74845379907
17   0.746582694271
18   0.749536836164
19   0.752962759369
20   0.741476477612
21   0.749779842591
22   0.746996777279
23   0.750322310052
24   0.752063716189
25   0.755098772801
26   0.751392417487
27   0.744979769419
28   0.740278347152
29   0.713167030336
30   0.599812194447
31   0.277667357867
32   -0.246749228973
33   -0.589904154836
34   -0.711629201159
35   -0.752763081736
36   -0.746285917796
37   -0.75298719532
38   -0.755659608232
39   -0.749411868122
40   -0.742984809972
41   -0.750854079473
42   -0.7523081123
43   -0.746927522781
44   -0.745898852606
45   -0.753466215081
46   -0.750437090892
47   -0.750331056426
48   -0.748045718811
49   -0.749595436391
50   -0.748557782488
51   -0.752633204897
52   -0.756094332489
53   -0.750442519149
54   -0.746325016002
55   -0.75514142271
56   -0.752430989937
57   -0.755856765582
58   -0.761557539505
59   -0.755674328648
60   -0.76317636429
61   -0.758838722636
62   -0.770845194682
63   -0.766895654614
