0    0.799025490739
1    0.771905601659
2    0.758189211812
3    0.756996412147
4    0.756703583232
5    0.765657050966
6    0.739686708398
7    0.747452804537
8    0.767879546297
9    0.74941728282
10   0.752916944902
11   0.753139709265
12   0.745799139453
13   0.743846344162
14   0.754372548908
15   0.746959499884
16   0.746280921438
17   0.740340550694
18   0.748923931861
19   0.7548088621
20   0.743638954141
21   0.754072781571
22   0.749945192894
23   0.748087260195
24   0.749038133204
25   0.753720078232
26   0.751212570971
27   0.742655929854
28   0.738865729075
29   0.711946408554
30   0.60123767695
31   0.273380164831
32   -0.249452240837
33   -0.591289702522
34   -0.710011565426
35   -0.755765257401
36   -0.748364011445
37   -0.751330372534
38   -0.754298462392
39   -0.744916371265
40   -0.741291048864
41   -0.750330867089
42   -0.754465185125
43   -0.752880573757
44   -0.740561546469
45   -0.756806482713
46   -0.747151212969
47   -0.754579201202
48   -0.745722683553
49   -0.749368865931
50   -0.746312569784
51   -0.750506208694
52   -0.750756713968
53   -0.745205978574
54   -0.747229478608
55   -0.758889199659
56   -0.747889317688
57   -0.758733512015
58   -0.758470183924
59   -0.751930720033
60   -0.767979501386
61   -0.760281408737
62   -0.775035818228
63   -0.800297130999
0    0.79039125298
1    0.775377643099
2    0.759955900105
3    0.75588582566
4    0.749594748479
5    0.7598540906
6    0.740894639632
7    0.747689206354
8    0.764259983072
9    0.749923005103
10   0.756275818389
11   0.752921548902
12   0.75146529167
13   0.744658151259
14   0.75049736389
15   0.743458501165
16   0.751878594727
17   0.742265241398
18   0.753914058026
19   0.756414361279
20   0.740338048981
21   0.750996464927
22   0.744665850473
23   0.749541117734
24   0.752255320709
25   0.754496220206
26   0.749189179113
27   0.744718950793
28   0.74203175403
29   0.712881416784
30   0.599045255374
31   0.281212743693
32   -0.242728685543
33   -0.590118456753
34   -0.710211686669
35   -0.756633208583
36   -0.749863124311
37   -0.754318612124
38   -0.754681947225
39   -0.749426686021
40   -0.742254321798
41   -0.750745854071
42   -0.75465621219
43   -0.748607554193
44   -0.746052743196
45   -0.75902982311
46   -0.748196602333
47   -0.752088955809
48   -0.746380585859
49   -0.749389925424
50   -0.747984452494
51   -0.74880086831
52   -0.753946161162
53   -0.748265691411
54   -0.742569147874
55   -0.753183636558
56   -0.746149588901
57   -0.757504075025
58   -0.758685206672
59   -0.751070060149
60   -0.769618093625
61   -0.762345513333
62   -0.781859559437
63   -0.791580150169
0    0.797618464585
1    0.77382333079
2    0.757054117739
3    0.753688885372
4    0.756022407584
5    0.760134069673
6    0.739030844229
7    0.746325006296
8    0.764657156596
9    0.748256049478
10   0.757980641585
11   0.75613960687
12   0.748748715109
13   0.749364431405
14   0.750198008852
15   0.744457158148
16   0.751464504477
17   0.741759037149
18   0.750420141344
19   0.756755600742
20   0.739434862814
21   0.750228072243
22   0.747656808837
23   0.748929681698
24   0.753375780833
25   0.752478120148
26   0.749782884022
27   0.744359761041
28   0.739918013594
29   0.711931082853
30   0.598258918581
31   0.280045738322
32   -0.242844104905
33   -0.590867637708
34   -0.708930052051
35   -0.754315507265
36   -0.747785378621
37   -0.753366569185
38   -0.754780393014
39   -0.747730989617
40   -0.739731156862
41   -0.751952781769
42   -0.753453046566
43   -0.750558539414
44   -0.749048803623
45   -0.755952724901
46   -0.749738732605
47   -0.754405805579
48   -0.74857895091
49   -0.748240498851
50   -0.743784110731
51   -0.751939886025
52   -0.755275240969
53   -0.749324793757
54   -0.744801631369
55   -0.758628567015
56   -0.74820208142
57   -0.75388560902
58   -0.756802036154
59   -0.754961779244
60   -0.763744145132
61   -0.764038937651
62   -0.774851336504
63   -0.797776243929
0    0.797937236295
1    0.77767309684
2    0.754510795145
3    0.749216793249
4    0.756669686495
5    0.760145106669
6    0.742934073274
7    0.742956983761
8    0.766879325904
9    0.75202134472
10   0.756818018183
11   0.756231498518
12   0.746976896175
13   0.741762557283
14   0.749513737904
15   0.744376296567
16   0.748489328937
17   0.742043673763
18   0.750563662455
19   0.758219482718
20   0.739648247157
21   0.749117378791
22   0.746685863866
23   0.749560609913
24   0.750203413573
25   0.74961626757
26   0.747940787584
27   0.744991540877
28   0.740193962489
29   0.711559801578
30   0.60190003072
31   0.288143693269
32   -0.234526778734
33   -0.588516014828
34   -0.707843355922
35   -0.755000203618
36   -0.744860882713
37   -0.751427604368
38   -0.755755929368
39   -0.749134341072
40   -0.743378018948
41   -0.754277425999
42   -0.756527404176
43   -0.748597158632
44   -0.744692490042
45   -0.758568430666
46   -0.749442323872
47   -0.751007724095
48   -0.747748867158
49   -0.750399725083
50   -0.74601327859
51   -0.749823761367
52   -0.756362369111
53   -0.747525357933
54   -0.745957037933
55   -0.757349174874
56   -0.752724616696
57   -0.753340804676
58   -0.758631748933
59   -0.754556003993
60   -0.769512514842
61   -0.762928033546
62   -0.776251389089
63   -0.792820950529
0    0.800197287589
1    0.777316676552
2    0.754341824927
3    0.756681656761
4    0.749240800021
5    0.760546369224
6    0.738020368001
7    0.742099637845
8    0.76848116662
9    0.745382636708
10   0.752162163918
11   0.752785441233
12   0.74777849164
13   0.745443392211
14   0.752381164113
15   0.745591927831
16   0.750399540152
17   0.74247178176
18   0.750702661307
19   0.757958966555
20   0.738280090664
21   0.749824449317
22   0.746064877538
23   0.749928861827
24   0.751378134425
25   0.752745683517
26   0.75100917834
27   0.744348321921
28   0.740725967176
29   0.713565280633
30   0.599089915786
31   0.279251258988
32   -0.242726026268
33   -0.589807287807
34   -0.708091625687
35   -0.755323445297
36   -0.748622927221
37   -0.751492494029
38   -0.755539315021
39   -0.74519153703
40   -0.742628454968
41   -0.749848615353
42   -0.752517639449
43   -0.749099545295
44   -0.744897791045
45   -0.759487415872
46   -0.746516191785
47   -0.753507747687
48   -0.747101702421
49   -0.747202676341
50   -0.74407144599
51   -0.750954169981
52   -0.754694371272
53   -0.749061725171
54   -0.740881716736
55   -0.760712152801
56   -0.744894652529
57   -0.755625726718
58   -0.758489654338
59   -0.750242892279
60   -0.767896961365
61   -0.762591399367
62   -0.779898216678
63   -0.796578526717
0    0.801179727979
1    0.769341606457
2    0.754804827187
3    0.755064149309
4    0.75763981997
5    0.757079838151
6    0.742392007764
7    0.75203303358
8    0.766724394309
9    0.748345848207
10   0.752063266634
11   0.753433695729
12   0.747987169137
13   0.744167657079
14   0.751401976904
15   0.745089895052
16   0.749736473033
17   0.743106002534
18   0.754350010605
19   0.759480551632
20   0.742683498093
21   0.750691519601
22   0.749708197321
23   0.749557342465
24   0.756192772982
25   0.751718847939
26   0.753382178574
27   0.745455384481
28   0.738819036398
29   0.711715445241
30   0.598720457867
31   0.274202791404
32   -0.25000022643
33   -0.593303015029
34   -0.709360190819
35   -0.754684419344
36   -0.747718777678
37   -0.752422451888
38   -0.754039276735
39   -0.745319383345
40   -0.741560276379
41   -0.752634723087
42   -0.753693525915
43   -0.750828063896
44   -0.742299586034
45   -0.759726292929
46   -0.745428467509
47   -0.752499296955
48   -0.744661237273
49   -0.752215853324
50   -0.744002959644
51   -0.749230666132
52   -0.756237166371
53   -0.750570154806
54   -0.744094024934
55   -0.756539152612
56   -0.747648593394
57   -0.756906090817
58   -0.756618918618
59   -0.754288260954
60   -0.773283710346
61   -0.761653855963
62   -0.779896851547
63   -0.794904300547
0    0.79305887784
1    0.774416441195
2    0.75529237334
3    0.751581901806
4    0.753014859545
5    0.762807814324
6    0.736196992554
7    0.74473049889
8    0.76378134482
9    0.748433044532
10   0.754857167708
11   0.750092047895
12   0.746027565387
13   0.744434055507
14   0.751565372556
15   0.745256475223
16   0.752671891702
17   0.742877248464
18   0.753995273786
19   0.75797751326
20   0.738670744217
21   0.752112491732
22   0.74834697628
23   0.747718103602
24   0.752651336848
25   0.753535150949
26   0.751921646674
27   0.742537593352
28   0.740063277307
29   0.715578169233
30   0.599467812326
31   0.280477187457
32   -0.243321652556
33   -0.589102730866
34   -0.708574064722
35   -0.756744677315
36   -0.748132870789
37   -0.751073597063
38   -0.754906237707
39   -0.745550565454
40   -0.742374154408
41   -0.750306379779
42   -0.754400735984
43   -0.749702906626
44   -0.742754783916
45   -0.760642453532
46   -0.746889092861
47   -0.753976882008
48   -0.747193616582
49   -0.750001600824
50   -0.746063992151
51   -0.747640788451
52   -0.754212228663
53   -0.749568192252
54   -0.742705553187
55   -0.757691042288
56   -0.748996362763
57   -0.754830158418
58   -0.754613744492
59   -0.755482409193
60   -0.769198739504
61   -0.761037756738
62   -0.77539006421
63   -0.793069176896
0    0.80441376636
1    0.772482451874
2    0.757002115755
3    0.754492184031
4    0.755800508469
5    0.759540121989
6    0.740161662431
7    0.746413509258
8    0.766238623963
9    0.751973801119
10   0.755236694617
11   0.753863126547
12   0.746888781978
13   0.746580095118
14   0.750183596119
15   0.74059182726
16   0.749782320794
17   0.742775273293
18   0.751069367969
19   0.75661139932
20   0.743907759618
21   0.75227835573
22   0.749274611398
23   0.744537220527
24   0.748718945505
25   0.755468911528
26   0.751183549553
27   0.743195924733
28   0.744545600094
29   0.712995835607
30   0.597057485491
31   0.277429100013
32   -0.246041016481
33   -0.591414063162
34   -0.710775648653
35   -0.755148652243
36   -0.746731740575
37   -0.750024944995
38   -0.753032125318
39   -0.74649487837
40   -0.740875839982
41   -0.750962632351
42   -0.752433330008
43   -0.751415220841
44   -0.743424901027
45   -0.758387852445
46   -0.749298754887
47   -0.751776175098
48   -0.749245670478
49   -0.748220534199
50   -0.743458559703
51   -0.749251092272
52   -0.757386102112
53   -0.749489743365
54   -0.747134730151
55   -0.757001960282
56   -0.749746364713
57   -0.753344286327
58   -0.752839257003
59   -0.753950911747
60   -0.770511423489
61   -0.761356894057
62   -0.781898380024
63   -0.799620829593
0    0.797007156527
1    0.771937333214
2    0.756027892861
3    0.753333801661
4    0.757979300876
5    0.761573647545
6    0.739195704436
7    0.743834219263
8    0.771024649124
9    0.747733342049
10   0.755891759525
11   0.755907769588
12   0.745923310122
13   0.748528466726
14   0.752527100156
15   0.746147750758
16   0.75064076137
17   0.743665475263
18   0.753539415434
19   0.75885652296
20   0.742292366439
21   0.753978672206
22   0.746607216376
23   0.74957255291
24   0.755861977887
25   0.750944484513
26   0.7536157242
27   0.74368462897
28   0.739667705543
29   0.711049167095
30   0.594579833454
31   0.271859235287
32   -0.24841035125
33   -0.594958428782
34   -0.707080783784
35   -0.753474635424
36   -0.747498610669
37   -0.750178462268
38   -0.757598285373
39   -0.745291062344
40   -0.74359822084
41   -0.749710160022
42   -0.755678135688
43   -0.75154064273
44   -0.745916634587
45   -0.759452894893
46   -0.748121472592
47   -0.751224306481
48   -0.74534330925
49   -0.747986656253
50   -0.748665771331
51   -0.752929042447
52   -0.753084398532
53   -0.749615869983
54   -0.742409593553
55   -0.758384289566
56   -0.749064498598
57   -0.756789458851
58   -0.757460151371
59   -0.74966689272
60   -0.760782048255
61   -0.762425105052
62   -0.781453271284
63   -0.799195664451
0    0.795531969669
1    0.774649960901
2    0.757746772242
3    0.757692906383
4    0.750836464621
5    0.765963563359
6    0.742263879451
7    0.748024859618
8    0.767447904072
9    0.748156990772
10   0.756668791516
11   0.750463256124
12   0.748650381835
13   0.745982449746
14   0.750083151618
15   0.745621903784
16   0.747822171929
17   0.74665309483
18   0.75093874625
19   0.755074233945
20   0.738953755926
21   0.750317243729
22   0.745935748956
23   0.749772745883
24   0.752662569061
25   0.755233893795
26   0.752362962743
27   0.744651357785
28   0.742130967283
29   0.713502206675
30   0.599205617577
31   0.277593484134
32   -0.246699644635
33   -0.589150538204
34   -0.710300453656
35   -0.756156161185
36   -0.744922711217
37   -0.751988751661
38   -0.757248442268
39   -0.749091350813
40   -0.741909241534
41   -0.751655147379
42   -0.753513825774
43   -0.747211987845
44   -0.745000677074
45   -0.755672742386
46   -0.748855756672
47   -0.749777650659
48   -0.746906011907
49   -0.748257440777
50   -0.747449019987
51   -0.754393004901
52   -0.757720543206
53   -0.750636314614
54   -0.744858685831
55   -0.756777516912
56   -0.751373648693
57   -0.754418606421
58   -0.76330448488
59   -0.755722234951
60   -0.766942689798
61   -0.762961779895
62   -0.778024410923
63   -0.789694588008
