0    0.82332125531
1    0.769921593177
2    0.754351468322
3    0.76441007948
4    0.751024591731
5    0.771501928081
6    0.729083411188
7    0.747625087602
8    0.782703861113
9    0.745387954376
10   0.75640675199
11   0.744209343149
12   0.748800246002
13   0.739417221004
14   0.755888400738
15   0.739002491911
16   0.741357660652
17   0.734493939711
18   0.753966557365
19   0.763499496312
20   0.73615714076
21   0.757730568087
22   0.747126559548
23   0.74195909735
24   0.750821948559
25   0.749258607488
26   0.753672054288
27   0.739882860473
28   0.746230391018
29   0.711634583775
30   0.609493379772
31   0.269106483346
32   -0.247868963761
33   -0.587325169197
34   -0.703289386443
35   -0.769528341298
36   -0.746540020595
37   -0.748175504979
38   -0.76056274852
39   -0.735399986972
40   -0.740800633081
41   -0.754149696437
42   -0.760551590325
43   -0.75711982434
44   -0.736158710651
45   -0.766832452564
46   -0.741024519975
47   -0.753081740506
48   -0.738044326926
49   -0.742680187154
50   -0.742979923248
51   -0.757751316643
52   -0.753068830195
53   -0.740691802518
54   -0.745772628474
55   -0.768031277047
56   -0.747729038215
57   -0.755621792984
58   -0.754616660127
59   -0.746943561891
60   -0.774128356554
61   -0.761431237946
62   -0.773719317602
63   -0.817827098274
0    0.811983894877
1    0.775085864943
2    0.752611012163
3    0.759401899938
4    0.743312142583
5    0.765898943064
6    0.734024181502
7    0.754632655742
8    0.772834214508
9    0.748541098769
10   0.761701885769
11   0.747363038493
12   0.757354110792
13   0.738310172651
14   0.747383702334
15   0.732047889369
16   0.752416779415
17   0.739269700526
18   0.762224353303
19   0.763352263595
20   0.726861762803
21   0.753240520776
22   0.740433678197
23   0.743168257225
24   0.756819360451
25   0.752409139646
26   0.749520498426
27   0.745442373992
28   0.749015925277
29   0.713498585642
30   0.603838192188
31   0.278941948886
32   -0.240825011427
33   -0.586079508098
34   -0.702290362394
35   -0.771090473509
36   -0.750584611108
37   -0.750628549448
38   -0.759496396617
39   -0.74241122153
40   -0.742154597455
41   -0.755953740393
42   -0.757266744978
43   -0.748519667857
44   -0.74445542014
45   -0.773704910592
46   -0.742990824435
47   -0.74978768003
48   -0.737651526647
49   -0.743992298272
50   -0.74523366925
51   -0.754870416321
52   -0.75727945539
53   -0.746089569854
54   -0.746433895592
55   -0.755229195319
56   -0.744870925662
57   -0.752732334891
58   -0.758019734226
59   -0.744393306826
60   -0.774816410416
61   -0.764962646065
62   -0.783031093258
63   -0.805093755245
0    0.819268090015
1    0.774718742661
2    0.750473049562
3    0.757941648538
4    0.751510610436
5    0.767327705964
6    0.730296744765
7    0.745961417699
8    0.77751939042
9    0.743402499714
10   0.765005691247
11   0.749403084207
12   0.74763152224
13   0.749368262944
14   0.745925571739
15   0.73596642394
16   0.750599342546
17   0.7367065901
18   0.760042535957
19   0.766416010111
20   0.726681369024
21   0.752002799612
22   0.745697914249
23   0.743811555505
24   0.757665525322
25   0.748846925963
26   0.753545363239
27   0.744238114586
28   0.747587494944
29   0.709245109816
30   0.602793382489
31   0.276633442265
32   -0.241142734261
33   -0.589383161575
34   -0.70249086951
35   -0.766797869579
36   -0.743091948009
37   -0.752472669313
38   -0.758887671943
39   -0.740969497048
40   -0.737966714513
41   -0.754839541217
42   -0.756737563269
43   -0.750881295522
44   -0.75347894059
45   -0.762512944358
46   -0.744770814526
47   -0.750139276211
48   -0.746284786359
49   -0.742271162609
50   -0.73713417827
51   -0.759723426066
52   -0.761425813527
53   -0.745484238795
54   -0.743476737113
55   -0.76623777897
56   -0.752248860698
57   -0.747575959421
58   -0.754525392106
59   -0.747076161724
60   -0.768019842489
61   -0.766968550466
62   -0.774093584968
63   -0.815124243306
0    0.8231005053
1    0.77860074963
2    0.743088652175
3    0.751120666924
4    0.755333822288
5    0.766943439964
6    0.736054135354
7    0.740798827165
8    0.777826889169
9    0.752120920444
10   0.761235273504
11   0.751384544959
12   0.746548565731
13   0.73499548845
14   0.748616323791
15   0.735701187159
16   0.745777990452
17   0.738292169146
18   0.762497441204
19   0.768627867268
20   0.729927969862
21   0.748686468563
22   0.74270176305
23   0.744034884427
24   0.752463290865
25   0.744667548821
26   0.749083336648
27   0.746597837024
28   0.747496047441
29   0.71161024214
30   0.608367661672
31   0.284706507315
32   -0.233694862638
33   -0.589176967511
34   -0.699084286432
35   -0.768754103623
36   -0.739547267488
37   -0.746673635919
38   -0.759271965863
39   -0.742062018596
40   -0.742621565896
41   -0.761447319926
42   -0.762109458302
43   -0.747510316443
44   -0.74481719706
45   -0.769385847879
46   -0.747677736584
47   -0.744638582764
48   -0.741791842496
49   -0.746276426339
50   -0.741063037826
51   -0.755957992776
52   -0.760536479139
53   -0.74178251875
54   -0.746446909131
55   -0.763532508527
56   -0.753264211408
57   -0.748928735761
58   -0.754819571176
59   -0.749963178767
60   -0.773707947029
61   -0.768102392653
62   -0.774844286511
63   -0.809518017513
0    0.826633034199
1    0.777836856374
2    0.745139125097
3    0.760956159587
4    0.743101466521
5    0.768433293553
6    0.728189105399
7    0.740849064503
8    0.780211256601
9    0.739411416211
10   0.755978860127
11   0.74936803756
12   0.751983354979
13   0.740055428828
14   0.752265208978
15   0.740146876846
16   0.74815529834
17   0.738744665265
18   0.759200166323
19   0.767534778608
20   0.726483301827
21   0.751501389414
22   0.741944111253
23   0.745489437219
24   0.754692179301
25   0.748476357862
26   0.753580039355
27   0.743180616985
28   0.748769124817
29   0.712519725139
30   0.603894630256
31   0.276247629902
32   -0.239820476306
33   -0.586742174257
34   -0.703299441938
35   -0.770597528628
36   -0.746561775097
37   -0.746527257336
38   -0.761257288291
39   -0.733608033669
40   -0.744207993665
41   -0.753475205224
42   -0.755953169179
43   -0.750297039417
44   -0.743672447263
45   -0.772753473827
46   -0.740089604173
47   -0.750667944084
48   -0.743643545948
49   -0.740933358636
50   -0.738637309994
51   -0.757274688966
52   -0.761333602903
53   -0.745213701747
54   -0.739657035074
55   -0.767252227505
56   -0.743425465129
57   -0.753814357273
58   -0.754933817879
59   -0.741896286913
60   -0.773176517014
61   -0.765806379313
62   -0.783547822728
63   -0.810894938339
0    0.825213267346
1    0.767699874759
2    0.741769938169
3    0.762933337395
4    0.755606894298
5    0.761625968945
6    0.733142990072
7    0.758733278124
8    0.776138040483
9    0.744375164006
10   0.755183477649
11   0.747351972435
12   0.754356850642
13   0.738545441826
14   0.751915014772
15   0.736679997905
16   0.747086802105
17   0.739350862247
18   0.765415433036
19   0.767478117346
20   0.731896296033
21   0.75130874058
22   0.747510837666
23   0.74249776651
24   0.760982670961
25   0.744262014639
26   0.759736768218
27   0.746084098405
28   0.744182609891
29   0.711024811206
30   0.601467525526
31   0.269664121814
32   -0.247583911613
33   -0.590515138614
34   -0.703053743488
35   -0.770497320212
36   -0.741792655981
37   -0.747801431497
38   -0.761304697101
39   -0.735796630988
40   -0.740125712105
41   -0.75804911764
42   -0.757074964468
43   -0.752494237016
44   -0.739850500115
45   -0.775551667935
46   -0.738644545948
47   -0.752555906769
48   -0.737509328854
49   -0.748465112913
50   -0.737826528723
51   -0.749830952558
52   -0.763837090076
53   -0.748399852478
54   -0.744019516352
55   -0.761153354094
56   -0.749033297986
57   -0.751541906507
58   -0.750876054322
59   -0.749877381144
60   -0.782484584685
61   -0.763062642249
62   -0.780935084839
63   -0.809676324894
0    0.814647713849
1    0.771380672963
2    0.745805359662
3    0.758116826003
4    0.747339889967
5    0.772150393338
6    0.725055204298
7    0.742917060196
8    0.777349223115
9    0.746006873504
10   0.761503955641
11   0.741760172678
12   0.749224682862
13   0.741100440595
14   0.751696024885
15   0.738807647609
16   0.752284760496
17   0.738987119836
18   0.765462896328
19   0.767513641677
20   0.725771065667
21   0.753132075018
22   0.743953535476
23   0.740832584207
24   0.755902395609
25   0.749123240235
26   0.754536581054
27   0.740989192877
28   0.747466805056
29   0.716462274082
30   0.604685601062
31   0.277118141422
32   -0.243232859926
33   -0.584883749339
34   -0.702743470647
35   -0.770832826028
36   -0.74818180265
37   -0.745917325766
38   -0.759695076419
39   -0.734739325162
40   -0.743243401881
41   -0.753282631236
42   -0.758676678698
43   -0.749841424035
44   -0.742508779744
45   -0.77562228473
46   -0.739462109129
47   -0.753816130588
48   -0.740271531448
49   -0.745262742145
50   -0.740723931619
51   -0.754589912664
52   -0.756344019453
53   -0.746487585389
54   -0.740608296688
55   -0.765677745533
56   -0.750542252841
57   -0.752644022051
58   -0.750411149278
59   -0.747797591374
60   -0.776558768493
61   -0.762423060884
62   -0.774844545225
63   -0.807216821001
0    0.834322754012
1    0.769356518935
2    0.747631409352
3    0.755786960056
4    0.751747741402
5    0.765455688263
6    0.731726901711
7    0.747787069832
8    0.775486118497
9    0.753683275042
10   0.758775701068
11   0.746012866279
12   0.748333664933
13   0.744439944466
14   0.747597881045
15   0.731232661413
16   0.747344180954
17   0.738577680214
18   0.759376239182
19   0.766928269996
20   0.73596596709
21   0.754615616331
22   0.747116620336
23   0.735349600029
24   0.749569623509
25   0.754923962338
26   0.753392280186
27   0.740451074681
28   0.755653145625
29   0.712578652155
30   0.599988070231
31   0.272856990829
32   -0.242699054018
33   -0.588820015989
34   -0.706666909272
35   -0.769825037214
36   -0.743248603228
37   -0.747025774232
38   -0.757262868334
39   -0.738457613149
40   -0.740488113038
41   -0.756089889095
42   -0.752111147486
43   -0.753367771967
44   -0.74450523906
45   -0.767721626576
46   -0.745156564239
47   -0.749750401554
48   -0.747747482267
49   -0.742375719715
50   -0.734680484094
51   -0.753491539636
52   -0.763532572478
53   -0.744184659439
54   -0.748717690772
55   -0.759045293533
56   -0.753610510315
57   -0.749346167573
58   -0.748658966556
59   -0.747570735517
60   -0.778282425485
61   -0.76269292724
62   -0.779964980401
63   -0.816966530128
0    0.819775936966
1    0.76995250458
2    0.748023956869
3    0.759065468626
4    0.757311627496
5    0.768523178048
6    0.726208040882
7    0.744868273253
8    0.785729624509
9    0.743474938242
10   0.761366784224
11   0.748398640681
12   0.745236785806
13   0.748311102921
14   0.751055867807
15   0.741444900486
16   0.747656808837
17   0.7408567931
18   0.761153529929
19   0.769382808539
20   0.730768830861
21   0.756728194004
22   0.74117236435
23   0.74158733042
24   0.76108581357
25   0.745444071022
26   0.759170259868
27   0.742396206554
28   0.74529460822
29   0.713939904671
30   0.5976694321
31   0.265934035553
32   -0.247391530162
33   -0.595958597146
34   -0.700138031386
35   -0.76692690421
36   -0.741860740794
37   -0.74412971325
38   -0.765500877069
39   -0.734277512735
40   -0.743965958899
41   -0.753000484264
42   -0.759166518635
43   -0.75328180835
44   -0.745165228838
45   -0.771840341811
46   -0.745258283828
47   -0.748238231552
48   -0.736520921462
49   -0.74210045124
50   -0.744444001039
51   -0.761219324579
52   -0.754716177115
53   -0.745377409364
54   -0.740337388284
55   -0.766555501448
56   -0.751589109709
57   -0.755086695567
58   -0.752829829683
59   -0.741140328118
60   -0.766887377164
61   -0.763135514919
62   -0.781742129825
63   -0.81920577945
0    0.817782991935
1    0.776680326402
2    0.748411274364
3    0.763059511671
4    0.742721275555
5    0.777666304896
6    0.730065500891
7    0.753248939985
8    0.776173916778
9    0.745184052471
10   0.762883641483
11   0.741676935031
12   0.750681840846
13   0.743054517584
14   0.745669637221
15   0.739399009776
16   0.74454424125
17   0.748758863635
18   0.757687430231
19   0.762394777801
20   0.726901871502
21   0.753115571371
22   0.74236817646
23   0.74525059107
24   0.755757847143
25   0.755226275518
26   0.756371949945
27   0.742923865462
28   0.750106011511
29   0.712233809666
30   0.60192105686
31   0.272722229424
32   -0.244968862037
33   -0.584224023653
34   -0.706785452402
35   -0.767841339015
36   -0.740404186792
37   -0.746652885074
38   -0.764676928667
39   -0.74183020218
40   -0.73930248796
41   -0.759053506324
42   -0.759812939777
43   -0.747728156938
44   -0.744250335386
45   -0.765311290874
46   -0.742380979164
47   -0.745667024606
48   -0.739521419536
49   -0.742649435617
50   -0.742712943905
51   -0.764346681658
52   -0.760880139713
53   -0.749015901704
54   -0.741984156333
55   -0.763000768572
56   -0.751805881268
57   -0.745731478704
58   -0.766171476595
59   -0.750530953398
60   -0.775663129534
61   -0.768527135846
62   -0.77781699628
63   -0.801395295619
