0    0.778126519102
1    0.765302754143
2    0.756422977609
3    0.75371592672
4    0.756712868276
5    0.763622599559
6    0.743166102756
7    0.747260842181
8    0.763515385038
9    0.74987310893
10   0.752919527636
11   0.754460342529
12   0.746152951304
13   0.74472630989
14   0.753456366926
15   0.749701438069
16   0.747192065524
17   0.74198316546
18   0.748140743305
19   0.75267660915
20   0.744676833073
21   0.753327515858
22   0.750774010298
23   0.749076685895
24   0.748923142665
25   0.754318949525
26   0.750753416395
27   0.743289920507
28   0.737521702894
29   0.711452124117
30   0.600446981283
31   0.273350688572
32   -0.249724971891
33   -0.59192221821
34   -0.711688705101
35   -0.752634596571
36   -0.748673458263
37   -0.751365372378
38   -0.753118320627
39   -0.746030999765
40   -0.742172563379
41   -0.750104887136
42   -0.753478624033
43   -0.751289435643
44   -0.742537523036
45   -0.754871177116
46   -0.748736468127
47   -0.7541196038
48   -0.746752493057
49   -0.750430526527
50   -0.746850601525
51   -0.74929686347
52   -0.74990602159
53   -0.745890621477
54   -0.748259897066
55   -0.756677604042
56   -0.748877687652
57   -0.758887290015
58   -0.7585150428
59   -0.752275608852
60   -0.765139739619
61   -0.757733704457
62   -0.769370795583
63   -0.77970744132
0    0.770159696709
1    0.768377014891
2    0.758788427601
3    0.753810958355
4    0.749935394286
5    0.75742554574
6    0.743250690534
7    0.746657953755
8    0.760610556294
9    0.75011918668
10   0.755503521008
11   0.753991908623
12   0.750908029104
13   0.745567267694
14   0.750791677952
15   0.746866413292
16   0.751458094456
17   0.743492395257
18   0.752394421692
19   0.754620997229
20   0.74279024694
21   0.75074373824
22   0.746043960292
23   0.750339985689
24   0.751407712509
25   0.754710114142
26   0.749168214402
27   0.744648753608
28   0.740481887319
29   0.712312751555
30   0.599075247483
31   0.280806818841
32   -0.243179876985
33   -0.590784451354
34   -0.712051087681
35   -0.753400690772
36   -0.749778407589
37   -0.754614631858
38   -0.753927919127
39   -0.749713944423
40   -0.742992390707
41   -0.750544777874
42   -0.753986193461
43   -0.748249820024
44   -0.746708095849
45   -0.756294432616
46   -0.749520895161
47   -0.751953350703
48   -0.747631724722
49   -0.750396632367
50   -0.748412135729
51   -0.748107114826
52   -0.752604676005
53   -0.748029913883
54   -0.742869727687
55   -0.752396964664
56   -0.747376840991
57   -0.758000908943
58   -0.758298211733
59   -0.751709244643
60   -0.767290870289
61   -0.7593895883
62   -0.775309822164
63   -0.771734399201
0    0.777015378783
1    0.766654617416
2    0.756337930055
3    0.751303004407
4    0.755427468179
5    0.757715481225
6    0.742046625293
7    0.746393164443
8    0.760721202455
9    0.749252972248
10   0.756721034569
11   0.75711696384
12   0.749727122986
13   0.749210932353
14   0.750684204272
15   0.747517273039
16   0.751272748359
17   0.743118589861
18   0.748921902499
19   0.754296185737
20   0.741778340956
21   0.749957807054
22   0.748477598581
23   0.74950968157
24   0.752511597569
25   0.753081328243
26   0.749450074085
27   0.74430199781
28   0.738509670808
29   0.711599709519
30   0.598474316986
31   0.279654300673
32   -0.243320056043
33   -0.590815874105
34   -0.710564739736
35   -0.751544370876
36   -0.748560239514
37   -0.753230221068
38   -0.75400348639
39   -0.748086397185
40   -0.740936984923
41   -0.751752410798
42   -0.753107055326
43   -0.750108546835
44   -0.748922685479
45   -0.754706732084
46   -0.751113325045
47   -0.754287817415
48   -0.748444954795
49   -0.749298565745
50   -0.745151039027
51   -0.750634799455
52   -0.753860844504
53   -0.749427190464
54   -0.745797130668
55   -0.756554648058
56   -0.74832017249
57   -0.755003247196
58   -0.756931057924
59   -0.755432040403
60   -0.761822064998
61   -0.76067503877
62   -0.768961832962
63   -0.7773853718
0    0.776682958141
1    0.77031442809
2    0.75462884432
3    0.747509934453
4    0.755702306313
5    0.758124087162
6    0.745291326802
7    0.743754780537
8    0.762963798546
9    0.751735599503
10   0.756145875022
11   0.756851686189
12   0.747936950571
13   0.742980914452
14   0.74941953655
15   0.747448626926
16   0.748741723842
17   0.74311178592
18   0.748476583447
19   0.755543953221
20   0.741692606495
21   0.749074544118
22   0.747928486519
23   0.750368243542
24   0.749478131737
25   0.750475976318
26   0.747986379202
27   0.744527142306
28   0.738909117146
29   0.710973989796
30   0.601517957088
31   0.28790496898
32   -0.23482893768
33   -0.588197186739
34   -0.70965004224
35   -0.752018717022
36   -0.745983743996
37   -0.752052729428
38   -0.755033049387
39   -0.749636808542
40   -0.744311812482
41   -0.75344139764
42   -0.755108319723
43   -0.74853529153
44   -0.745431356486
45   -0.756279449113
46   -0.750168555181
47   -0.751660708645
48   -0.748534346543
49   -0.751241678054
50   -0.746900728606
51   -0.749012119944
52   -0.754813738731
53   -0.748206489903
54   -0.746695204678
55   -0.75603847412
56   -0.752980234515
57   -0.754072534398
58   -0.758660450292
59   -0.755008256439
60   -0.766909193846
61   -0.75946244855
62   -0.770676298461
63   -0.772653242757
0    0.778647591226
1    0.770209032352
2    0.754109570428
3    0.753908224596
4    0.750286845252
5    0.757757835617
6    0.740924302129
7    0.742729783795
8    0.764373001545
9    0.746426281069
10   0.751960650363
11   0.753196178434
12   0.747503160325
13   0.746128983345
14   0.751872524591
15   0.748060968926
16   0.75051312286
17   0.743752853985
18   0.74937784173
19   0.755271760251
20   0.74049416663
21   0.74969772046
22   0.747274054889
23   0.750329515445
24   0.750787289201
25   0.753227274409
26   0.750608346784
27   0.744591346764
28   0.739177261481
29   0.713119706397
30   0.599210135372
31   0.279148737347
32   -0.243093225139
33   -0.590093292985
34   -0.709626652283
35   -0.752057976798
36   -0.749006321272
37   -0.752054057073
38   -0.754482169464
39   -0.746551149284
40   -0.742918527975
41   -0.74977966914
42   -0.751723970223
43   -0.748466561793
44   -0.745961813553
45   -0.756860668799
46   -0.748314188874
47   -0.753244779173
48   -0.74735582385
49   -0.748304552178
50   -0.74516774033
51   -0.749929300443
52   -0.75292170239
53   -0.748971845083
54   -0.742408153422
55   -0.758902885545
56   -0.746124952375
57   -0.755795336143
58   -0.758243566015
59   -0.751605792498
60   -0.765328524497
61   -0.759573213943
62   -0.773328657475
63   -0.776478821323
0    0.779933783042
1    0.76311153308
2    0.755268063293
3    0.752234307812
4    0.756523794354
5    0.755714288164
6    0.744940605684
7    0.750558372238
8    0.76341904882
9    0.748842303166
10   0.75192108465
11   0.754319734474
12   0.747764721231
13   0.744779293789
14   0.750935483301
15   0.748131829652
16   0.749864773887
17   0.744187480835
18   0.752311502757
19   0.757089343353
20   0.744662453768
21   0.750843441258
22   0.750712227319
23   0.750355634559
24   0.755267727205
25   0.753049217228
26   0.752483287877
27   0.745273561701
28   0.737945367511
29   0.711332143723
30   0.599049053551
31   0.274116154676
32   -0.250432659895
33   -0.593602000288
34   -0.710986723418
35   -0.751459385243
36   -0.748615681707
37   -0.752952265224
38   -0.753007381929
39   -0.746255118034
40   -0.742439022773
41   -0.752029401092
42   -0.752915184971
43   -0.749714322864
44   -0.74376893731
45   -0.756759540751
46   -0.747023446781
47   -0.752049947701
48   -0.745726013137
49   -0.752737206242
50   -0.745414336765
51   -0.749203810176
52   -0.754274511353
53   -0.750350810804
54   -0.744811297132
55   -0.755305875819
56   -0.74838675051
57   -0.757613797239
58   -0.757094026491
59   -0.754151977179
60   -0.770148858584
61   -0.759019382301
62   -0.773643279356
63   -0.775048821205
0    0.772636163695
1    0.76822143048
2    0.754777479016
3    0.74908446389
4    0.752767584149
5    0.760121360255
6    0.739274140117
7    0.745319388231
8    0.759644528886
9    0.748642713238
10   0.753836650127
11   0.751582576463
12   0.746030505183
13   0.744785746765
14   0.750792353143
15   0.747972724505
16   0.752419925185
17   0.744149758722
18   0.751939406467
19   0.755708017307
20   0.741269277122
21   0.751697036756
22   0.749454919439
23   0.748856284244
24   0.751992121971
25   0.75418920021
26   0.751573918324
27   0.742957664262
28   0.738603082876
29   0.714446731612
30   0.599683277743
31   0.280276438146
32   -0.243264407774
33   -0.589713010043
34   -0.710196650419
35   -0.753463302798
36   -0.748389081136
37   -0.751701281544
38   -0.754113331976
39   -0.746476457407
40   -0.742684446097
41   -0.750614155641
42   -0.753670602536
43   -0.749013191441
44   -0.743736271346
45   -0.757756848332
46   -0.748311543497
47   -0.753608357447
48   -0.74779412898
49   -0.750643701047
50   -0.747039676145
51   -0.747057792956
52   -0.753351819397
53   -0.749708267826
54   -0.743889954884
55   -0.75533207158
56   -0.749485707576
57   -0.755140788543
58   -0.755092529604
59   -0.756091031681
60   -0.76610973085
61   -0.758163225056
62   -0.769732113215
63   -0.773361464988
0    0.781940588114
1    0.766312086254
2    0.756631761061
3    0.752773536546
4    0.755454014522
5    0.757378817353
6    0.742812820422
7    0.746523025069
8    0.762556609689
9    0.751700746939
10   0.754911522737
11   0.755054176625
12   0.747537594998
13   0.746918267208
14   0.750147000356
15   0.74366490858
16   0.750011865936
17   0.743874446167
18   0.749723067516
19   0.754188190858
20   0.745387841234
21   0.75174032137
22   0.750012766892
23   0.746098005038
24   0.74849463011
25   0.755344464308
26   0.750877648581
27   0.743994890574
28   0.742318355851
29   0.712292753533
30   0.597594869298
31   0.277334792748
32   -0.246509034818
33   -0.591712591812
34   -0.711919711099
35   -0.751864221698
36   -0.747541217826
37   -0.750370060654
38   -0.75206505763
39   -0.746894942165
40   -0.741792968861
41   -0.75079706078
42   -0.752291986917
43   -0.750534362155
44   -0.744360181303
45   -0.756301860961
46   -0.750359331184
47   -0.7514726539
48   -0.749133899813
49   -0.749403481919
50   -0.74510150184
51   -0.748959050748
52   -0.755666270463
53   -0.750217208124
54   -0.74754757444
55   -0.756172158554
56   -0.749657621399
57   -0.753599809339
58   -0.753324029615
59   -0.754372410094
60   -0.76777390267
61   -0.758548831452
62   -0.776157347924
63   -0.779184247146
0    0.776203428729
1    0.765486516239
2    0.75546353519
3    0.75069804708
4    0.756715553092
5    0.759130531999
6    0.742739766705
7    0.744218744931
8    0.766317847774
9    0.748441842704
10   0.75526481444
11   0.757280881879
12   0.746762810379
13   0.748249844494
14   0.752174525391
15   0.748454475841
16   0.751002315368
17   0.744687702332
18   0.752182841205
19   0.756206539746
20   0.744386716073
21   0.753614153196
22   0.748013575192
23   0.750624666759
24   0.75462312716
25   0.752442844069
26   0.752490814738
27   0.74409051061
28   0.73846843002
29   0.710196826592
30   0.594879938059
31   0.272059683385
32   -0.24863946161
33   -0.594293537044
34   -0.708891056783
35   -0.750662135803
36   -0.748585251123
37   -0.751017702655
38   -0.756081256273
39   -0.7465148086
40   -0.743920932721
41   -0.749926209182
42   -0.755225516833
43   -0.750752736201
44   -0.746567936863
45   -0.75684358049
46   -0.749203431928
47   -0.751421096679
48   -0.74642339687
49   -0.749149343972
50   -0.74946565499
51   -0.751781673834
52   -0.752368821958
53   -0.749909238961
54   -0.743453796023
55   -0.75630167049
56   -0.749434063525
57   -0.756659629677
58   -0.757466444222
59   -0.750790809759
60   -0.758822109697
61   -0.759847791766
62   -0.775154662663
63   -0.777998132994
0    0.774864421312
1    0.767453991069
2    0.757054900544
3    0.755086559473
4    0.751476312303
5    0.762795361221
6    0.745366117813
7    0.747282863264
8    0.763827441767
9    0.748925735735
10   0.755695027548
11   0.752330491575
12   0.748756270132
13   0.746459170558
14   0.750210957614
15   0.748358144139
16   0.748381043499
17   0.746575800852
18   0.7496986217
19   0.753227386667
20   0.741190656929
21   0.74985035635
22   0.74686686519
23   0.750257008811
24   0.752124291909
25   0.755131490339
26   0.751500152441
27   0.74494502017
28   0.740489732452
29   0.713216922533
30   0.599724703045
31   0.277686683346
32   -0.246754721543
33   -0.589819973521
34   -0.711469711627
35   -0.753183003631
36   -0.746108926389
37   -0.752871462412
38   -0.75585517903
39   -0.74940461689
40   -0.74283746693
41   -0.750929920004
42   -0.752455972056
43   -0.746961865661
44   -0.745770429589
45   -0.753727278698
46   -0.750244596166
47   -0.750276402575
48   -0.747915634684
49   -0.749439297172
50   -0.74843241917
51   -0.752827551954
52   -0.756313670239
53   -0.750475089312
54   -0.746141669952
55   -0.755333593873
56   -0.752265744201
57   -0.755703072155
58   -0.761802338072
59   -0.75573410084
60   -0.763717024491
61   -0.759453277038
62   -0.772027235689
63   -0.77055721221
