0    0.81515696242
1    0.775324718644
2    0.758498244739
3    0.760362811586
4    0.755655609316
5    0.768090375788
6    0.73519747772
7    0.747555319924
8    0.773722263563
9    0.748302190787
10   0.75366363864
11   0.750734510145
12   0.745889837579
13   0.742300537855
14   0.755564448704
15   0.74346632298
16   0.744702873808
17   0.738229154327
18   0.750343588328
19   0.757854048296
20   0.741596643314
21   0.755150537727
22   0.748807687881
23   0.746485277939
24   0.749424832794
25   0.752461043985
26   0.751941766922
27   0.741729399403
28   0.741238375125
29   0.712381513633
30   0.603015829377
31   0.272736477784
32   -0.248994158883
33   -0.590259772756
34   -0.707352079633
35   -0.760498479024
36   -0.747906631423
37   -0.750928783301
38   -0.756152225364
39   -0.742500826953
40   -0.740515235907
41   -0.7510738497
42   -0.756110138435
43   -0.754900214553
44   -0.738324903964
45   -0.759967648553
46   -0.744992327782
47   -0.754677193166
48   -0.743713386997
49   -0.747442601069
50   -0.745299225743
51   -0.75254344601
52   -0.751836536433
53   -0.744071759583
54   -0.746056388095
55   -0.762114950292
56   -0.747207709576
57   -0.757999954968
58   -0.757719208016
59   -0.750698374977
60   -0.770621809427
61   -0.761882141951
62   -0.77807839639
63   -0.815144107933
0    0.80556616633
1    0.779439079341
2    0.759251161462
3    0.757595895817
4    0.748265864556
5    0.762568287266
6    0.737920176114
7    0.74951306185
8    0.768589950474
9    0.749387871183
10   0.757913156954
11   0.751191648638
12   0.752728387294
13   0.742779470474
14   0.750021100702
15   0.738908661638
16   0.752331390445
17   0.740833266155
18   0.75640328303
19   0.758938454509
20   0.736251457911
21   0.75140602557
22   0.742907305901
23   0.748033548539
24   0.753651519982
25   0.753945356041
26   0.749247562387
27   0.744917401014
28   0.744473012594
29   0.713487839273
30   0.599624638048
31   0.281185297207
32   -0.24202771744
33   -0.589021409926
34   -0.707297971756
35   -0.761560283981
36   -0.750125204942
37   -0.75359468051
38   -0.755948218669
39   -0.748104218109
40   -0.741661693361
41   -0.751695783251
42   -0.75546464661
43   -0.748983820224
44   -0.745263370079
45   -0.763512492031
46   -0.746403091272
47   -0.751827561009
48   -0.744080665664
49   -0.747704425693
50   -0.747145550902
51   -0.750259047762
52   -0.755567293322
53   -0.748165617716
54   -0.742910697216
55   -0.75410706019
56   -0.745089949795
57   -0.756361734169
58   -0.758836749438
59   -0.749271518829
60   -0.771646455372
61   -0.764569885707
62   -0.785833385574
63   -0.805234761661
0    0.81303276353
1    0.778199113282
2    0.756086549869
3    0.755789535388
4    0.75572638185
5    0.763083633046
6    0.735196906217
7    0.746184154012
8    0.769892668071
9    0.746526528472
10   0.760230165486
11   0.754275103541
12   0.747724199009
13   0.749332088116
14   0.749450074085
15   0.740584437674
16   0.751489806791
17   0.739928138374
18   0.753121858507
19   0.760243542361
20   0.735461476876
21   0.750627367971
22   0.746702925938
23   0.747763141008
24   0.754726143135
25   0.751360027257
26   0.75069298266
27   0.744400986091
28   0.742329591239
29   0.711847430809
30   0.598621471573
31   0.279849678211
32   -0.242173810033
33   -0.590795642906
34   -0.706407758405
35   -0.758583130328
36   -0.74645941989
37   -0.753370747276
38   -0.755907853888
39   -0.746482807257
40   -0.738521604227
41   -0.752552427861
42   -0.754078045775
43   -0.751060460018
44   -0.749884383468
45   -0.757907042211
46   -0.747970411513
47   -0.753808277359
48   -0.748378624857
49   -0.746411263754
50   -0.741563341887
51   -0.754152800781
52   -0.757416992381
53   -0.748663314046
54   -0.7436619148
55   -0.761581984752
56   -0.748847816263
57   -0.752002659523
58   -0.756251514368
59   -0.753127497511
60   -0.765425268938
61   -0.766544981769
62   -0.77808378212
63   -0.812403289513
0    0.8144366559
1    0.782103323162
2    0.75217857093
3    0.750526292667
4    0.757076147871
5    0.762699400409
6    0.739913918149
7    0.741937526382
8    0.771815469738
9    0.75208214778
10   0.758243721122
11   0.754965090369
12   0.74603084439
13   0.739595445884
14   0.749686454896
15   0.740549649043
16   0.747835828682
17   0.74062706915
18   0.754118430957
19   0.761972779477
20   0.736420201757
21   0.748970267838
22   0.745055715526
23   0.748205844413
24   0.751153964837
25   0.748089178415
26   0.748093917532
27   0.745637061094
28   0.742448633205
29   0.712127608376
30   0.603061878181
31   0.287781517857
32   -0.234141392906
33   -0.588953737039
34   -0.704820189354
35   -0.759576462567
36   -0.743194209755
37   -0.750290728411
38   -0.756801972632
39   -0.747642802624
40   -0.742521992789
41   -0.756035490864
42   -0.75844282418
43   -0.748499319648
44   -0.744159318584
45   -0.762120314589
46   -0.748648948498
47   -0.74944553975
48   -0.746246569697
49   -0.748980101612
50   -0.744527263076
51   -0.751356527536
52   -0.758339563795
53   -0.74608843864
54   -0.745369370927
55   -0.75939824973
56   -0.752711584468
57   -0.751997033137
58   -0.757915500031
59   -0.75324142446
60   -0.77167669325
61   -0.765930157679
62   -0.77916326531
63   -0.807203860588
0    0.8171482977
1    0.781529378708
2    0.752586524514
3    0.759131089986
4    0.747366651873
5    0.76394028701
6    0.734113436525
7    0.741328011007
8    0.77364824376
9    0.74345215298
10   0.753082338713
11   0.751937832828
12   0.748599181555
13   0.743872179906
14   0.752988360657
15   0.74271764535
16   0.74994158882
17   0.740923506595
18   0.753075489953
19   0.761600031231
20   0.734563823986
21   0.750113105854
22   0.744412990868
23   0.749115011659
24   0.752351390095
25   0.751586961725
26   0.751753137753
27   0.744007580015
28   0.743354317818
29   0.713825126744
30   0.599586808385
31   0.278854639393
32   -0.241943518879
33   -0.589169232032
34   -0.705897747544
35   -0.760458503952
36   -0.748076699713
37   -0.75033698901
38   -0.757200081512
39   -0.742208621398
40   -0.742690834546
41   -0.750489291749
42   -0.753567137246
43   -0.749841424035
44   -0.7439130314
45   -0.763651080908
46   -0.744156056937
47   -0.753215916354
48   -0.746355880779
49   -0.745330121672
50   -0.742286000287
51   -0.752679384208
52   -0.757196522862
53   -0.74860106483
54   -0.739450372329
55   -0.763167925786
56   -0.743811197742
57   -0.755162794377
58   -0.758063682466
59   -0.747612149866
60   -0.770219223626
61   -0.764878881812
62   -0.784362203681
63   -0.810513882495
0    0.81745237798
1    0.772612271647
2    0.751925468428
3    0.75809247281
4    0.758014717359
5    0.758871034486
6    0.73884773557
7    0.754142656812
8    0.770878409985
9    0.747167105995
10   0.752836539931
11   0.751796532358
12   0.749115575262
13   0.742642315629
14   0.752116312757
15   0.741233603407
16   0.749234601144
17   0.741707142127
18   0.757694470992
19   0.76264846961
20   0.739284385252
21   0.750569402871
22   0.748581475121
23   0.748012221052
24   0.757703411571
25   0.749370066017
26   0.755119725594
27   0.745715445604
28   0.740453348709
29   0.712020693924
30   0.598723340181
31   0.273548570977
32   -0.249237321503
33   -0.592725258966
34   -0.706842916438
35   -0.759876846638
36   -0.746133059736
37   -0.751379461108
38   -0.755888814463
39   -0.743075030714
40   -0.740664549849
41   -0.753932922985
42   -0.754723466965
43   -0.75203376326
44   -0.740725931908
45   -0.764573406675
46   -0.743213134337
47   -0.752806799556
48   -0.742745889635
49   -0.751174467534
50   -0.741831015696
51   -0.749315336462
52   -0.759040518686
53   -0.750477929783
54   -0.743481438221
55   -0.758212395756
56   -0.747389866807
57   -0.755488943365
58   -0.755178141672
59   -0.753544723288
60   -0.77659887406
61   -0.76338274625
62   -0.783716818977
63   -0.808720299381
0    0.80838427039
1    0.777337607291
2    0.753855049069
3    0.754149386112
4    0.752172952121
5    0.766209259698
6    0.732006381225
7    0.743890763098
8    0.76932614143
9    0.747673289935
10   0.756909735669
11   0.747609170163
12   0.74640966638
13   0.743479699276
14   0.752464976022
15   0.741977262015
16   0.752805993331
17   0.741282682839
18   0.757453156942
19   0.761332154374
20   0.734479756381
21   0.752496544102
22   0.746738744044
23   0.745922518554
24   0.753673400785
25   0.75225723095
26   0.75261460663
27   0.741973856165
28   0.742479270884
29   0.716716012725
30   0.599910539519
31   0.280149789541
32   -0.243322336776
33   -0.588050152142
34   -0.706185026903
35   -0.761644281347
36   -0.74799188233
37   -0.749856689877
38   -0.756140227552
39   -0.743133741221
40   -0.74229720695
41   -0.750514099158
42   -0.755522566481
43   -0.750334527614
44   -0.741997800568
45   -0.765246459233
46   -0.744741379365
47   -0.754128663173
48   -0.745690393448
49   -0.748735396926
50   -0.744347571307
51   -0.749190004226
52   -0.755272703963
53   -0.74903260465
54   -0.741337270274
55   -0.76089398044
56   -0.748846997018
57   -0.754238775948
58   -0.75347849741
59   -0.75362197125
60   -0.772215519186
61   -0.762882784547
62   -0.778545245671
63   -0.806704945601
0    0.822592878054
1    0.77546306297
2    0.755365860027
3    0.755669495462
4    0.755231765165
5    0.762098073601
6    0.736721654892
7    0.746439617831
8    0.770658790532
9    0.752327120805
10   0.756248846176
11   0.751692764407
12   0.746576930924
13   0.745790204903
14   0.750014906661
15   0.736628865861
16   0.749157619167
17   0.741288590386
18   0.753471854873
19   0.760218126145
20   0.741348118333
21   0.752979826967
22   0.748339192548
23   0.741988614763
24   0.748994505998
25   0.755420971498
26   0.751813507456
27   0.742162522753
28   0.748158231888
29   0.713576376566
30   0.596912856844
31   0.276813955309
32   -0.245123077259
33   -0.590872372974
34   -0.708979646057
35   -0.760182674879
36   -0.74556407
37   -0.749385322563
38   -0.754379570702
39   -0.744948134198
40   -0.740055434026
41   -0.751879644872
42   -0.752367177689
43   -0.75250992291
44   -0.742869539757
45   -0.761547072272
46   -0.747895172845
47   -0.751668102649
48   -0.749153378404
49   -0.746304649543
50   -0.740652923936
51   -0.75004444095
52   -0.759807524129
53   -0.748129218314
54   -0.747021056432
55   -0.757949459216
56   -0.750499138892
57   -0.752539208122
58   -0.751728773463
59   -0.752419036689
60   -0.773339184177
61   -0.763308257142
62   -0.784783916344
63   -0.814258663599
0    0.812857006123
1    0.77520601274
2    0.75475001801
3    0.755928369571
4    0.758736404087
5    0.764496108314
6    0.734302676591
7    0.743637254045
8    0.777104824044
9    0.746420516821
10   0.757403970464
11   0.753668575829
12   0.745017007501
13   0.748537940773
14   0.752811945499
15   0.743512799172
16   0.749869955138
17   0.742497426102
18   0.755844399587
19   0.762629898127
20   0.738717216022
21   0.754540392828
22   0.744588289502
23   0.747703880842
24   0.757687094955
25   0.748763599578
26   0.755424891914
27   0.743195244394
28   0.74156257133
29   0.712343040196
30   0.594618576543
31   0.27074827715
32   -0.248004378634
33   -0.595757748031
34   -0.70430333258
35   -0.757953974476
36   -0.745820628208
37   -0.748674088342
38   -0.759907176746
39   -0.742601587855
40   -0.743464953099
41   -0.749961349182
42   -0.756499589509
43   -0.75249695673
44   -0.745290559983
45   -0.763478087616
46   -0.746876388041
47   -0.750593954157
48   -0.743161437236
49   -0.746078697679
50   -0.747304604283
51   -0.755112695343
52   -0.753938243571
53   -0.748756001991
54   -0.741148582774
55   -0.76135874461
56   -0.749331792213
57   -0.756561570281
58   -0.756632891026
59   -0.747219915275
60   -0.762792803922
61   -0.763996901374
62   -0.785138823094
63   -0.814907778129
0    0.811136930249
1    0.779220894647
2    0.756400485473
3    0.760164281765
4    0.748873647569
5    0.770190931862
6    0.737800821824
7    0.74948477982
8    0.771643998327
9    0.746912279856
10   0.758670421875
11   0.747679046967
12   0.748788406535
13   0.744957810751
14   0.749461229632
15   0.742401994047
16   0.74686110348
17   0.747094708541
18   0.752995996002
19   0.757708775879
20   0.735174160159
21   0.751006028129
22   0.74459757449
23   0.748871054364
24   0.753603268314
25   0.755184149881
26   0.753773597526
27   0.744109542891
28   0.744806237516
29   0.713646102928
30   0.599018798705
31   0.276740741628
32   -0.246357274671
33   -0.587914835023
34   -0.708616800725
35   -0.760433576127
36   -0.743321738286
37   -0.750524640915
38   -0.759421241096
39   -0.747729856545
40   -0.740801133191
41   -0.753360555296
42   -0.755197421252
43   -0.747585840856
44   -0.744291612448
45   -0.758747068479
46   -0.746800917188
47   -0.748649389543
48   -0.745062828125
49   -0.746377505549
50   -0.745828670273
51   -0.757211075276
52   -0.759304952243
53   -0.750581454693
54   -0.743277743805
55   -0.75897838408
56   -0.750861151786
57   -0.751963970859
58   -0.764857685701
59   -0.754625216931
60   -0.770360548068
61   -0.76602279315
62   -0.781348649021
63   -0.802563090094
