0    0.693839308538
1    0.736713780143
2    0.74731990276
3    0.744221803322
4    0.754443300181
5    0.758473900833
6    0.75033615787
7    0.747331872548
8    0.754357074904
9    0.749859029424
10   0.754378828146
11   0.756622475263
12   0.7475561102
13   0.74540684884
14   0.752288917953
15   0.755098660753
16   0.748291924812
17   0.745699384632
18   0.747286589861
19   0.748511097406
20   0.745500976422
21   0.751770450853
22   0.752305659971
23   0.750788301991
24   0.749660092979
25   0.754138843522
26   0.750535860366
27   0.744114754048
28   0.736332179934
29   0.710110450853
30   0.59949517351
31   0.272200073033
32   -0.2501513923
33   -0.592941676168
34   -0.713903919311
35   -0.747302024497
36   -0.749573741924
37   -0.750754946069
38   -0.750968947599
39   -0.746989353394
40   -0.744966589804
41   -0.750069805189
42   -0.751704820692
43   -0.748200129098
44   -0.747114724653
45   -0.752023521679
46   -0.751553280568
47   -0.752683496168
48   -0.748136838148
49   -0.75173313432
50   -0.747359284726
51   -0.747407801178
52   -0.748199247406
53   -0.74735884425
54   -0.749930499098
55   -0.752776304435
56   -0.75211538356
57   -0.758204253481
58   -0.757056919422
59   -0.75149773846
60   -0.75533099329
61   -0.748027710028
62   -0.744303343474
63   -0.694649033523
0    0.687283282651
1    0.739313640228
2    0.750617350941
3    0.746066121252
4    0.748705300807
5    0.751129891457
6    0.748255372572
7    0.745944116813
8    0.752117099437
9    0.749759002908
10   0.755247897829
11   0.755813496858
12   0.750217600827
13   0.74609020378
14   0.752066525905
15   0.753381392889
16   0.750523816306
17   0.74647148971
18   0.749918387277
19   0.750978125826
20   0.746268034728
21   0.750228297434
22   0.748861245225
23   0.751494304913
24   0.750741262418
25   0.754224302594
26   0.749476666899
27   0.744485922456
28   0.738404173029
29   0.711069307094
30   0.599531566651
31   0.279116364655
32   -0.243824528744
33   -0.591829464419
34   -0.714760147286
35   -0.747929863779
36   -0.75032790081
37   -0.754577109629
38   -0.752476021447
39   -0.749155332588
40   -0.745474126878
41   -0.750950633489
42   -0.752088955809
43   -0.747394145855
44   -0.748302851594
45   -0.752060632104
46   -0.75180025599
47   -0.751429942091
48   -0.749514462929
49   -0.751841719461
50   -0.748600938824
51   -0.747519819618
52   -0.749816570227
53   -0.747055779961
54   -0.744284837373
55   -0.750453249512
56   -0.751203776829
57   -0.758343826336
58   -0.756798097789
59   -0.751049217875
60   -0.75823510542
61   -0.749176576703
62   -0.747567210971
63   -0.687958253751
0    0.692721512813
1    0.737367173415
2    0.749400266998
3    0.743264523243
4    0.752044385131
5    0.752166209508
6    0.748132845136
7    0.747158409542
8    0.752728162666
9    0.750317806655
10   0.755464431248
11   0.758288733743
12   0.751777870661
13   0.748184859077
14   0.75240161217
15   0.75351068592
16   0.75069714674
17   0.746114059609
18   0.746951027555
19   0.749278443282
20   0.744777935263
21   0.749432720766
22   0.750182357515
23   0.750166593331
24   0.751684107222
25   0.753277115758
26   0.74993809736
27   0.744077708932
28   0.736986278893
29   0.710101191681
30   0.599231087197
31   0.277722714434
32   -0.244153554055
33   -0.590650162504
34   -0.71294354462
35   -0.74687663962
36   -0.75007150878
37   -0.752173805278
38   -0.75212701705
39   -0.748315385595
40   -0.744336090703
41   -0.751794567538
42   -0.752165648795
43   -0.749100869025
44   -0.749777524504
45   -0.75266704843
46   -0.75368833328
47   -0.753332385459
48   -0.747989363736
49   -0.750377066429
50   -0.746974571567
51   -0.748871448617
52   -0.751541843318
53   -0.749080004719
54   -0.747224948597
55   -0.75283255031
56   -0.750267504251
57   -0.756839959585
58   -0.756433358155
59   -0.753780158237
60   -0.754503780552
61   -0.748883674641
62   -0.742996212422
63   -0.692777580863
0    0.691459840424
1    0.739972959202
2    0.749001946431
3    0.741341643137
4    0.751810584612
5    0.753465682169
6    0.750134613794
7    0.746071435287
8    0.754376137049
9    0.750450535769
10   0.755912919623
11   0.757651108053
12   0.7501034215
13   0.744380826801
14   0.750022452124
15   0.753831377197
16   0.748801373563
17   0.745188352718
18   0.745546905655
19   0.750105448466
20   0.744657471914
21   0.748638540594
22   0.750278851425
23   0.751738297716
24   0.748773071398
25   0.751154077328
26   0.74869120485
27   0.743598717762
28   0.737500492144
29   0.709552637888
30   0.601234279133
31   0.286224959313
32   -0.235292339991
33   -0.587682445651
34   -0.711982876603
35   -0.74691041468
36   -0.748301906827
37   -0.752727147245
38   -0.753493059129
39   -0.749817768747
40   -0.747036467994
41   -0.752701209418
42   -0.751940771022
43   -0.748108059409
44   -0.747713553028
45   -0.752396079264
46   -0.751590563123
47   -0.752255563478
48   -0.749829817104
49   -0.752142760412
50   -0.74809244241
51   -0.748144961837
52   -0.75192705366
53   -0.748790785816
54   -0.748057808805
55   -0.753935899976
56   -0.754212418737
57   -0.754998174572
58   -0.75732718443
59   -0.75419886025
60   -0.757365699803
61   -0.748275201767
62   -0.745569157807
63   -0.688853552083
0    0.693028917952
1    0.740556584128
2    0.747998566708
3    0.744961772402
4    0.751201322459
5    0.751482384845
6    0.746602696218
7    0.744691778274
8    0.755381990528
9    0.747361683472
10   0.752841481205
11   0.753723780917
12   0.7475561102
13   0.746255486982
14   0.751213695815
15   0.753382290815
16   0.750250253267
17   0.746661004696
18   0.747655002672
19   0.749541005061
20   0.743561880221
21   0.749519822376
22   0.749529850405
23   0.750992639621
24   0.750492973846
25   0.752951418238
26   0.750396500597
27   0.744927022528
28   0.73752865901
29   0.711632009207
30   0.599872851533
31   0.278066434506
32   -0.243370689536
33   -0.590287306966
34   -0.712065301438
35   -0.746848903412
36   -0.750093718829
37   -0.752350988114
38   -0.752435986311
39   -0.747731052566
40   -0.744582105613
41   -0.750378770544
42   -0.749823698287
43   -0.746941171733
44   -0.748859915959
45   -0.752661418305
46   -0.751635872776
47   -0.752036418502
48   -0.747366143588
49   -0.749866026127
50   -0.746624337646
51   -0.748520675828
52   -0.749833601958
53   -0.748272304563
54   -0.745745990873
55   -0.755321098454
56   -0.749696725513
57   -0.756000771485
58   -0.756262688172
59   -0.752358387223
60   -0.756528737775
61   -0.748931508819
62   -0.746459482759
63   -0.691928174399
0    0.6941630428
1    0.73613715717
2    0.750367793224
3    0.744012225217
4    0.751813844706
5    0.752808913267
6    0.749601846451
7    0.748262254423
8    0.75597796453
9    0.748851210488
10   0.752869893057
11   0.755594799167
12   0.748510195096
13   0.744475277494
14   0.750920631124
15   0.754007163937
16   0.749645672491
17   0.746676485251
18   0.749145558496
19   0.751961324765
20   0.747057547749
21   0.751312902097
22   0.752858887771
23   0.751646554411
24   0.754546110461
25   0.754212415024
26   0.751791361079
27   0.744852764679
28   0.73740252913
29   0.710438217181
30   0.599664560536
31   0.272753176242
32   -0.250924800513
33   -0.594027380202
34   -0.71329239416
35   -0.746534487734
36   -0.750297354968
37   -0.753315104132
38   -0.751157602445
39   -0.746964004267
40   -0.745142562909
41   -0.75134041749
42   -0.751015681673
43   -0.747012690255
44   -0.747191603313
45   -0.752178168076
46   -0.74987189287
47   -0.751044733685
48   -0.747496282118
49   -0.752881902502
50   -0.747798598618
51   -0.749279210418
52   -0.750783169675
53   -0.749669667826
54   -0.746315587035
55   -0.752813759154
56   -0.751369921184
57   -0.758360749437
58   -0.756325987592
59   -0.752023142363
60   -0.760032521217
61   -0.749232746553
62   -0.747087610921
63   -0.691558905869
0    0.689113238227
1    0.740270727806
2    0.748519218165
3    0.741479657987
4    0.749712252851
5    0.753940532396
6    0.745258512037
7    0.746838847153
8    0.75129614345
9    0.747872283399
10   0.753231203434
11   0.754111813608
12   0.746446399167
13   0.744301771281
14   0.749868828781
15   0.753501146641
16   0.751652963224
17   0.746948994186
18   0.749103175918
19   0.751330335291
20   0.744997200183
21   0.750548579636
22   0.751411761152
23   0.750905216131
24   0.751565597445
25   0.754392732032
26   0.751548168352
27   0.743614019111
28   0.736851636362
29   0.711721296034
30   0.600414022059
31   0.278996964383
32   -0.242883923497
33   -0.590661675344
34   -0.712839709833
35   -0.747678932543
36   -0.749630943179
37   -0.752153066442
38   -0.752268083885
39   -0.746920604028
40   -0.744341297737
41   -0.751999625064
42   -0.752044510711
43   -0.747223879014
44   -0.746710548335
45   -0.753083892241
46   -0.750673689265
47   -0.752459324134
48   -0.748302725625
49   -0.751201502801
50   -0.748034384574
51   -0.747330402508
52   -0.75155056342
53   -0.74971407057
54   -0.745913241535
55   -0.750894619658
56   -0.751144716951
57   -0.75566963332
58   -0.755057525892
59   -0.755108700211
60   -0.755817356386
61   -0.747350726945
62   -0.744896723948
63   -0.690204541525
0    0.694267001439
1    0.738901601237
2    0.750277612939
3    0.746324667189
4    0.752242735497
5    0.752217115113
6    0.748380592285
7    0.747435416524
8    0.75397227828
9    0.750922093848
10   0.755497808846
11   0.756724949891
12   0.749881781807
13   0.746733772523
14   0.750285494187
15   0.749742105549
16   0.749788290987
17   0.746187658604
18   0.748055101252
19   0.749659079045
20   0.747053255532
21   0.750602831698
22   0.751508811218
23   0.74868026625
24   0.748537376844
25   0.754299662014
26   0.751029654471
27   0.74547133624
28   0.739289849281
29   0.710409042483
30   0.598983041798
31   0.275943993
32   -0.246954915803
33   -0.592161090746
34   -0.713352727009
35   -0.746386620781
36   -0.74931539951
37   -0.750555067448
38   -0.749959014888
39   -0.746598180366
40   -0.744596224601
41   -0.751293478718
42   -0.75131154641
43   -0.748711893808
44   -0.74737570832
45   -0.752795094887
46   -0.752207570036
47   -0.75037719266
48   -0.748943231378
49   -0.750893672438
50   -0.747060246299
51   -0.748854307228
52   -0.752832740121
53   -0.751414083586
54   -0.748580399956
55   -0.754079186064
56   -0.750887799699
57   -0.753445386115
58   -0.753440258078
59   -0.753060666408
60   -0.758823828264
61   -0.748881279841
62   -0.749975670505
63   -0.694182393236
0    0.692044960294
1    0.737104133279
2    0.748791338226
3    0.742696884864
4    0.751957053544
5    0.753305851984
6    0.74970245196
7    0.746078106057
8    0.756101773263
9    0.74914228969
10   0.755563328743
11   0.759493826981
12   0.748457295716
13   0.746754562358
14   0.75191456515
15   0.753471967104
16   0.75124530342
17   0.747382234425
18   0.750243948052
19   0.750796066684
20   0.747160555427
21   0.752597982113
22   0.750595065504
23   0.752444079876
24   0.753168898498
25   0.75445922133
26   0.751175225425
27   0.744825369385
28   0.736883244754
29   0.709046139674
30   0.595459372416
31   0.271042768549
32   -0.248890029957
33   -0.592956127216
34   -0.711529448922
35   -0.746263917869
36   -0.750850164464
37   -0.751980596686
38   -0.753089018451
39   -0.747599624677
40   -0.745529335419
41   -0.750941223957
42   -0.754215143128
43   -0.749193849699
44   -0.748341335884
45   -0.752357185655
46   -0.751350778431
47   -0.751570215522
48   -0.747868793431
49   -0.7508471335
50   -0.750397452883
51   -0.750616428334
52   -0.750860141452
53   -0.750071130204
54   -0.74498868676
55   -0.752535033504
56   -0.751776933543
57   -0.755796224558
58   -0.755909884782
59   -0.75079257772
60   -0.752057534248
61   -0.75011296373
62   -0.74791746053
63   -0.691899361312
0    0.69057915775
1    0.738207388792
2    0.750050155875
3    0.746647670886
4    0.75041653898
5    0.755952663572
6    0.751000852761
7    0.747434626153
8    0.754858624686
9    0.749674513259
10   0.755666359897
11   0.756028004806
12   0.749249591089
13   0.746106371536
14   0.750481942371
15   0.754030831649
16   0.749258945602
17   0.747147228277
18   0.747855692717
19   0.749470582165
20   0.744092549801
21   0.74891513793
22   0.748350134879
23   0.751153964837
24   0.752055848943
25   0.754105981331
26   0.750606771048
27   0.74514670744
28   0.738370675726
29   0.712372509344
30   0.60085731114
31   0.276675748696
32   -0.246328221711
33   -0.590755827379
34   -0.713367324213
35   -0.747591379537
36   -0.748831872617
37   -0.75403009148
38   -0.753124776081
39   -0.748977265392
40   -0.745370564128
41   -0.750384640295
42   -0.750309219771
43   -0.746462060372
44   -0.747949004119
45   -0.750676719703
46   -0.752353897159
47   -0.750920384368
48   -0.749584904425
49   -0.751271052491
50   -0.749682849685
51   -0.750940402995
52   -0.7530745259
53   -0.749812911597
54   -0.748232941207
55   -0.75314211741
56   -0.7553189419
57   -0.75723846489
58   -0.757764732632
59   -0.753308014443
60   -0.753935646615
61   -0.748137215993
62   -0.745322397601
63   -0.688620455307
