[[[ 0.00141521  0.          0.          0.          0.          0.          0.
    0.          0.          0.        ]
  [ 0.          0.          0.          0.          0.          0.          0.
    0.          0.          0.        ]]

 [[ 0.00141521  0.          0.          0.          0.          0.          0.
    0.          0.          0.        ]
  [ 0.          0.          0.          0.          0.          0.          0.
    0.          0.          0.        ]]

 [[ 0.00141521  0.          0.          0.          0.          0.          0.
    0.          0.          0.        ]
  [ 0.          0.          0.          0.          0.          0.          0.
    0.          0.          0.        ]]]
[[[ 0.0018066   0.00022289  0.          0.          0.          0.          0.
    0.          0.          0.          0.00170294  0.          0.00022337
    0.          0.          0.          0.          0.          0.          0.
    0.00183546  0.          0.          0.00021455  0.          0.          0.
    0.          0.          0.          0.00161527  0.          0.
   -0.00020238  0.          0.          0.          0.          0.          0.
    0.00166299  0.         -0.00020907  0.          0.          0.          0.
    0.          0.          0.          0.00165959 -0.00019864  0.          0.
    0.          0.          0.          0.          0.          0.        ]
  [ 0.          0.          0.          0.          0.          0.          0.
    0.00979457  0.         -0.00955882  0.          0.          0.          0.
    0.         -0.00905876  0.          0.          0.00940383  0.          0.
    0.          0.          0.          0.01130527  0.         -0.00954959
    0.          0.          0.          0.          0.          0.          0.
   -0.00915303  0.          0.0098039   0.          0.          0.          0.
    0.          0.          0.          0.          0.00898744  0.          0.
   -0.00950667  0.          0.          0.          0.          0.          0.
    0.          0.         -0.00978597  0.          0.00969209]]

 [[ 0.00180656  0.00022327  0.          0.          0.          0.          0.
    0.          0.          0.          0.00170289  0.          0.00022375
    0.          0.          0.          0.          0.          0.          0.
    0.00183541  0.          0.          0.00021492  0.          0.          0.
    0.          0.          0.          0.00161523  0.          0.
   -0.00020273  0.          0.          0.          0.          0.          0.
    0.00166295  0.         -0.00020943  0.          0.          0.          0.
    0.          0.          0.          0.00165954 -0.00019898  0.          0.
    0.          0.          0.          0.          0.          0.        ]
  [ 0.          0.          0.          0.          0.          0.          0.
    0.00977788  0.         -0.00954253  0.          0.          0.          0.
    0.         -0.00904332  0.          0.          0.00938781  0.          0.
    0.          0.          0.          0.01128601  0.         -0.00953332
    0.          0.          0.          0.          0.          0.          0.
   -0.00913743  0.          0.00978719  0.          0.          0.          0.
    0.          0.          0.          0.          0.00897212  0.          0.
   -0.00949047  0.          0.          0.          0.          0.          0.
    0.          0.         -0.0097693   0.          0.00967557]]

 [[ 0.00180659  0.00022301  0.          0.          0.          0.          0.
    0.          0.          0.          0.00170292  0.          0.00022349
    0.          0.          0.          0.          0.          0.          0.
    0.00183545  0.          0.          0.00021467  0.          0.          0.
    0.          0.          0.          0.00161525  0.          0.
   -0.00020249  0.          0.          0.          0.          0.          0.
    0.00166297  0.         -0.00020919  0.          0.          0.          0.
    0.          0.          0.          0.00165957 -0.00019875  0.          0.
    0.          0.          0.          0.          0.          0.        ]
  [ 0.          0.          0.          0.          0.          0.          0.
    0.00978923  0.         -0.00955362  0.          0.          0.          0.
    0.         -0.00905383  0.          0.          0.00939871  0.          0.
    0.          0.          0.          0.01129912  0.         -0.0095444
    0.          0.          0.          0.          0.          0.          0.
   -0.00914805  0.          0.00979856  0.          0.          0.          0.
    0.          0.          0.          0.          0.00898255  0.          0.
   -0.00950149  0.          0.          0.          0.          0.          0.
    0.          0.         -0.00978065  0.          0.00968681]]]
[[[ 0.00102143  0.00013146  0.00013124  0.          0.          0.          0.
    0.          0.          0.          0.00103392  0.00012631  0.
    0.00012793  0.          0.          0.          0.          0.          0.
    0.00112606  0.00011963  0.         -0.00011912  0.          0.          0.
    0.          0.          0.          0.00107337  0.00012195 -0.00013052
    0.          0.          0.          0.          0.          0.          0.
    0.0010407   0.          0.00012293  0.00012591  0.          0.          0.
    0.          0.          0.          0.00096514  0.          0.00011346
   -0.00010982  0.          0.          0.          0.          0.          0.
    0.00096139  0.         -0.00012712  0.00011121  0.          0.          0.
    0.          0.          0.          0.00110423  0.         -0.00012484
   -0.00012271  0.          0.          0.          0.          0.          0.
    0.00112098 -0.00012082  0.00012172  0.          0.          0.          0.
    0.          0.          0.          0.00110348 -0.00010901  0.
    0.00014072  0.          0.          0.          0.          0.          0.
    0.00110074 -0.00011999  0.         -0.00011867  0.          0.          0.
    0.          0.          0.          0.00102828 -0.00011404 -0.0001193
    0.          0.          0.          0.          0.          0.          0.        ]
  [ 0.          0.          0.          0.          0.         -0.00224165
    0.          0.00243123  0.00266291 -0.00272275  0.          0.          0.
    0.          0.00219435  0.         -0.0030594   0.00287411  0.
   -0.00230238  0.          0.          0.          0.         -0.00252089
    0.          0.0027996   0.0025953   0.         -0.00196162  0.          0.
    0.          0.          0.          0.0023814   0.          0.00254811
   -0.00303052 -0.00274566  0.          0.          0.          0.
    0.00289875 -0.00246996 -0.0021973   0.          0.00220408  0.          0.
    0.          0.          0.         -0.00251931 -0.00265088  0.00215403
    0.          0.0022304   0.          0.          0.          0.          0.
    0.00264243  0.00274283 -0.00244302  0.         -0.00230869  0.          0.
    0.          0.          0.         -0.00261027  0.00261108  0.00216907
    0.         -0.00224507  0.          0.          0.          0.          0.
    0.         -0.00203982  0.         -0.00239193  0.00305824  0.00259093
    0.          0.          0.          0.          0.00225378  0.
   -0.0028505  -0.00292754  0.          0.00205059  0.          0.          0.
    0.         -0.0023166   0.          0.00272681 -0.0026612   0.
    0.00242611  0.          0.          0.          0.          0.
    0.00230995  0.         -0.00231288 -0.00282421  0.00277415]]

 [[ 0.00102139  0.00013168  0.00013146  0.          0.          0.          0.
    0.          0.          0.          0.00103389  0.00012652  0.
    0.00012814  0.          0.          0.          0.          0.          0.
    0.00112602  0.00011983  0.         -0.00011932  0.          0.          0.
    0.          0.          0.          0.00107333  0.00012215 -0.00013074
    0.          0.          0.          0.          0.          0.          0.
    0.00104066  0.          0.00012313  0.00012612  0.          0.          0.
    0.          0.          0.          0.0009651   0.          0.00011365
   -0.00011     0.          0.          0.          0.          0.          0.
    0.00096136  0.         -0.00012733  0.00011139  0.          0.          0.
    0.          0.          0.          0.00110419  0.         -0.00012505
   -0.00012291  0.          0.          0.          0.          0.          0.
    0.00112094 -0.00012102  0.00012192  0.          0.          0.          0.
    0.          0.          0.          0.00110344 -0.00010919  0.
    0.00014095  0.          0.          0.          0.          0.          0.
    0.0011007  -0.00012019  0.         -0.00011887  0.          0.          0.
    0.          0.          0.          0.00102824 -0.00011423 -0.0001195
    0.          0.          0.          0.          0.          0.          0.        ]
  [ 0.          0.          0.          0.          0.         -0.002238
    0.          0.00242726  0.00265857 -0.00271831  0.          0.          0.
    0.          0.00219077  0.         -0.00305442  0.00286942  0.
   -0.00229862  0.          0.          0.          0.         -0.00251678
    0.          0.00279503  0.00259107  0.         -0.00195842  0.          0.
    0.          0.          0.          0.00237752  0.          0.00254396
   -0.00302558 -0.00274119  0.          0.          0.          0.
    0.00289402 -0.00246593 -0.00219372  0.          0.00220048  0.          0.
    0.          0.          0.         -0.0025152  -0.00264656  0.00215052
    0.          0.00222677  0.          0.          0.          0.          0.
    0.00263812  0.00273836 -0.00243904  0.         -0.00230493  0.          0.
    0.          0.          0.         -0.00260602  0.00260682  0.00216553
    0.         -0.00224141  0.          0.          0.          0.          0.
    0.         -0.00203649  0.         -0.00238803  0.00305325  0.00258671
    0.          0.          0.          0.          0.0022501   0.
   -0.00284585 -0.00292276  0.          0.00204725  0.          0.          0.
    0.         -0.00231282  0.          0.00272236 -0.00265686  0.
    0.00242215  0.          0.          0.          0.          0.
    0.00230619  0.         -0.00230911 -0.00281961  0.00276963]]

 [[ 0.00102142  0.00013153  0.00013131  0.          0.          0.          0.
    0.          0.          0.          0.00103391  0.00012637  0.
    0.000128    0.          0.          0.          0.          0.          0.
    0.00112605  0.00011969  0.         -0.00011919  0.          0.          0.
    0.          0.          0.          0.00107336  0.00012202 -0.00013059
    0.          0.          0.          0.          0.          0.          0.
    0.00104069  0.          0.000123    0.00012598  0.          0.          0.
    0.          0.          0.          0.00096513  0.          0.00011352
   -0.00010988  0.          0.          0.          0.          0.          0.
    0.00096138  0.         -0.00012718  0.00011127  0.          0.          0.
    0.          0.          0.          0.00110422  0.         -0.00012491
   -0.00012277  0.          0.          0.          0.          0.          0.
    0.00112096 -0.00012089  0.00012178  0.          0.          0.          0.
    0.          0.          0.          0.00110347 -0.00010907  0.
    0.00014079  0.          0.          0.          0.          0.          0.
    0.00110073 -0.00012005  0.         -0.00011873  0.          0.          0.
    0.          0.          0.          0.00102826 -0.0001141  -0.00011936
    0.          0.          0.          0.          0.          0.          0.        ]
  [ 0.          0.          0.          0.          0.         -0.00224048
    0.          0.00242996  0.00266152 -0.00272134  0.          0.          0.
    0.          0.0021932   0.         -0.00305781  0.00287261  0.
   -0.00230118  0.          0.          0.          0.         -0.00251958
    0.          0.00279814  0.00259395  0.         -0.0019606   0.          0.
    0.          0.          0.          0.00238016  0.          0.00254678
   -0.00302894 -0.00274423  0.          0.          0.          0.
    0.00289724 -0.00246867 -0.00219615  0.          0.00220293  0.          0.
    0.          0.          0.         -0.002518   -0.0026495   0.00215291
    0.          0.00222924  0.          0.          0.          0.          0.
    0.00264105  0.0027414  -0.00244175  0.         -0.00230749  0.          0.
    0.          0.          0.         -0.00260891  0.00260972  0.00216794
    0.         -0.0022439   0.          0.          0.          0.          0.
    0.         -0.00203876  0.         -0.00239069  0.00305665  0.00258958
    0.          0.          0.          0.          0.0022526   0.
   -0.00284902 -0.00292601  0.          0.00204952  0.          0.          0.
    0.         -0.00231539  0.          0.00272539 -0.00265982  0.
    0.00242484  0.          0.          0.          0.          0.
    0.00230875  0.         -0.00231168 -0.00282274  0.00277271]]]
[[[ 0.00168979  0.000196    0.0002039   0.00019132  0.          0.          0.
    0.          0.          0.          0.0019626   0.00021351  0.00020264
   -0.00021575  0.          0.          0.          0.          0.          0.
    0.00188607  0.00020744 -0.00021883  0.00020777  0.          0.          0.
    0.          0.          0.          0.00186698  0.00022389 -0.00024205
   -0.00021366  0.          0.          0.          0.          0.          0.
    0.00180574 -0.00019373  0.00021545  0.00019562  0.          0.          0.
    0.          0.          0.          0.00185311 -0.00020242  0.0002078
   -0.00020239  0.          0.          0.          0.          0.          0.
    0.00172644 -0.0001945  -0.00019833  0.0001949   0.          0.          0.
    0.          0.          0.          0.00200012 -0.00022347 -0.00021974
   -0.0002068   0.          0.          0.          0.          0.          0.        ]
  [ 0.          0.          0.          0.          0.00278911 -0.00284336
   -0.00283146  0.00274006  0.00258958 -0.00292872  0.          0.          0.
    0.         -0.00279839 -0.00276253  0.00301562  0.00278377  0.00284506
   -0.00265717  0.          0.          0.          0.          0.00262997
    0.00305574 -0.00291027  0.00286613 -0.00316763 -0.00286749  0.          0.
    0.          0.         -0.00286957  0.00296263  0.00274741  0.00253456
   -0.00271056 -0.00261561  0.          0.          0.          0.
    0.00289598 -0.00273948 -0.00295058 -0.00292422  0.00265299  0.00308369
    0.          0.          0.          0.         -0.0026606  -0.00251221
    0.00275233 -0.00267379  0.00269873  0.00278018  0.          0.          0.
    0.          0.00253818  0.00295024 -0.00266276 -0.00279043 -0.00302379
    0.00287165  0.          0.          0.          0.         -0.00244752
    0.00276578  0.0030443  -0.00253603 -0.00239512  0.00270127]]

 [[ 0.00168971  0.00019631  0.00020423  0.00019163  0.          0.          0.
    0.          0.          0.          0.0019625   0.00021385  0.00020296
   -0.0002161   0.          0.          0.          0.          0.          0.
    0.00188597  0.00020777 -0.00021918  0.0002081   0.          0.          0.
    0.          0.          0.          0.00186689  0.00022425 -0.00024243
   -0.000214    0.          0.          0.          0.          0.          0.
    0.00180565 -0.00019403  0.00021579  0.00019593  0.          0.          0.
    0.          0.          0.          0.00185301 -0.00020274  0.00020813
   -0.00020271  0.          0.          0.          0.          0.          0.
    0.00172636 -0.00019481 -0.00019864  0.00019521  0.          0.          0.
    0.          0.          0.          0.00200002 -0.00022383 -0.00022009
   -0.00020712  0.          0.          0.          0.          0.          0.        ]
  [ 0.          0.          0.          0.          0.00278475 -0.00283891
   -0.00282703  0.00273577  0.00258553 -0.00292414  0.          0.          0.
    0.         -0.00279402 -0.00275821  0.0030109   0.00277942  0.00284061
   -0.00265301  0.          0.          0.          0.          0.00262586
    0.00305096 -0.00290571  0.00286165 -0.00316267 -0.00286301  0.          0.
    0.          0.         -0.00286508  0.002958    0.00274311  0.0025306
   -0.00270632 -0.00261152  0.          0.          0.          0.
    0.00289145 -0.00273519 -0.00294597 -0.00291965  0.00264884  0.00307886
    0.          0.          0.          0.         -0.00265643 -0.00250828
    0.00274803 -0.0026696   0.00269451  0.00277583  0.          0.          0.
    0.          0.00253421  0.00294562 -0.0026586  -0.00278606 -0.00301906
    0.00286716  0.          0.          0.          0.         -0.00244369
    0.00276145  0.00303954 -0.00253206 -0.00239138  0.00269705]]

 [[ 0.00168977  0.0001961   0.00020401  0.00019142  0.          0.          0.
    0.          0.          0.          0.00196257  0.00021361  0.00020274
   -0.00021586  0.          0.          0.          0.          0.          0.
    0.00188604  0.00020754 -0.00021894  0.00020788  0.          0.          0.
    0.          0.          0.          0.00186695  0.00022401 -0.00024217
   -0.00021377  0.          0.          0.          0.          0.          0.
    0.00180571 -0.00019382  0.00021556  0.00019572  0.          0.          0.
    0.          0.          0.          0.00185308 -0.00020252  0.0002079
   -0.0002025   0.          0.          0.          0.          0.          0.
    0.00172642 -0.0001946  -0.00019843  0.000195    0.          0.          0.
    0.          0.          0.          0.00200009 -0.00022359 -0.00021985
   -0.0002069   0.          0.          0.          0.          0.          0.        ]
  [ 0.          0.          0.          0.          0.00278772 -0.00284194
   -0.00283004  0.00273869  0.00258829 -0.00292726  0.          0.          0.
    0.         -0.00279699 -0.00276115  0.00301411  0.00278238  0.00284363
   -0.00265584  0.          0.          0.          0.          0.00262866
    0.00305421 -0.00290881  0.0028647  -0.00316604 -0.00286606  0.          0.
    0.          0.         -0.00286813  0.00296115  0.00274603  0.0025333
   -0.00270921 -0.0026143   0.          0.          0.          0.
    0.00289453 -0.00273811 -0.00294911 -0.00292276  0.00265166  0.00308215
    0.          0.          0.          0.         -0.00265927 -0.00251095
    0.00275096 -0.00267245  0.00269738  0.00277879  0.          0.          0.
    0.          0.00253691  0.00294876 -0.00266143 -0.00278903 -0.00302228
    0.00287021  0.          0.          0.          0.         -0.00244629
    0.0027644   0.00304278 -0.00253476 -0.00239393  0.00269992]]]
[[[ 0.00266553  0.00103425  0.          0.          0.          0.          0.
    0.          0.          0.          0.00255747  0.          0.00101746
    0.          0.          0.          0.          0.          0.          0.
    0.00261232  0.          0.          0.00102573  0.          0.          0.
    0.          0.          0.          0.00267954  0.          0.
   -0.00094214  0.          0.          0.          0.          0.          0.
    0.00257782  0.         -0.00087849  0.          0.          0.          0.
    0.          0.          0.          0.00276046 -0.00094397  0.          0.
    0.          0.          0.          0.          0.          0.        ]
  [ 0.          0.          0.          0.          0.          0.          0.
    0.0066662   0.         -0.00709917  0.          0.          0.          0.
    0.         -0.00813073  0.          0.          0.00697403  0.          0.
    0.          0.          0.          0.00723786  0.         -0.00649643
    0.          0.          0.          0.          0.          0.          0.
   -0.00722594  0.          0.00635369  0.          0.          0.          0.
    0.          0.          0.          0.          0.00724499  0.          0.
   -0.00735674  0.          0.          0.          0.          0.          0.
    0.          0.         -0.0064562   0.          0.00720734]]

 [[ 0.00266474  0.0010356   0.          0.          0.          0.          0.
    0.          0.          0.          0.00255671  0.          0.00101878
    0.          0.          0.          0.          0.          0.          0.
    0.00261154  0.          0.          0.00102706  0.          0.          0.
    0.          0.          0.          0.00267875  0.          0.
   -0.00094336  0.          0.          0.          0.          0.          0.
    0.00257706  0.         -0.00087963  0.          0.          0.          0.
    0.          0.          0.          0.00275965 -0.0009452   0.          0.
    0.          0.          0.          0.          0.          0.        ]
  [ 0.          0.          0.          0.          0.          0.          0.
    0.00665617  0.         -0.00708849  0.          0.          0.          0.
    0.         -0.00811849  0.          0.          0.00696354  0.          0.
    0.          0.          0.          0.00722697  0.         -0.00648666
    0.          0.          0.          0.          0.          0.          0.
   -0.00721506  0.          0.00634414  0.          0.          0.          0.
    0.          0.          0.          0.          0.00723409  0.          0.
   -0.00734567  0.          0.          0.          0.          0.          0.
    0.          0.         -0.00644649  0.          0.00719649]]

 [[ 0.00266528  0.00103468  0.          0.          0.          0.          0.
    0.          0.          0.          0.00255723  0.          0.00101788
    0.          0.          0.          0.          0.          0.          0.
    0.00261207  0.          0.          0.00102616  0.          0.          0.
    0.          0.          0.          0.00267928  0.          0.
   -0.00094253  0.          0.          0.          0.          0.          0.
    0.00257758  0.         -0.00087885  0.          0.          0.          0.
    0.          0.          0.          0.0027602  -0.00094436  0.          0.
    0.          0.          0.          0.          0.          0.        ]
  [ 0.          0.          0.          0.          0.          0.          0.
    0.006663    0.         -0.00709576  0.          0.          0.          0.
    0.         -0.00812682  0.          0.          0.00697068  0.          0.
    0.          0.          0.          0.00723438  0.         -0.00649331
    0.          0.          0.          0.          0.          0.          0.
   -0.00722246  0.          0.00635064  0.          0.          0.          0.
    0.          0.          0.          0.          0.00724151  0.          0.
   -0.0073532   0.          0.          0.          0.          0.          0.
    0.          0.         -0.0064531   0.          0.00720387]]]
[[[  7.36931967e-04   2.46377043e-04   8.45441827e-05 ...,   0.00000000e+00
     0.00000000e+00   0.00000000e+00]
  [  0.00000000e+00   0.00000000e+00   0.00000000e+00 ...,  -1.36322765e-03
    -9.82616601e-04   1.37613604e-03]]

 [[  7.36769331e-04   2.46705513e-04   8.46568971e-05 ...,   0.00000000e+00
     0.00000000e+00   0.00000000e+00]
  [  0.00000000e+00   0.00000000e+00   0.00000000e+00 ...,  -1.36125097e-03
    -9.81191812e-04   1.37414065e-03]]

 [[  7.36880084e-04   2.46481888e-04   8.45801602e-05 ...,   0.00000000e+00
     0.00000000e+00   0.00000000e+00]
  [  0.00000000e+00   0.00000000e+00   0.00000000e+00 ...,  -1.36259616e-03
    -9.82161427e-04   1.37549858e-03]]]
[[[  7.32386582e-04   2.48690548e-04   8.88213102e-05 ...,   0.00000000e+00
     0.00000000e+00   0.00000000e+00]
  [  0.00000000e+00   0.00000000e+00   0.00000000e+00 ...,  -1.11303270e-03
    -7.46478916e-04   1.31052904e-03]]

 [[  7.32255040e-04   2.49023181e-04   8.89401118e-05 ...,   0.00000000e+00
     0.00000000e+00   0.00000000e+00]
  [  0.00000000e+00   0.00000000e+00   0.00000000e+00 ...,  -1.11147432e-03
    -7.45433754e-04   1.30869413e-03]]

 [[  7.32344617e-04   2.48796721e-04   8.88592303e-05 ...,   0.00000000e+00
     0.00000000e+00   0.00000000e+00]
  [  0.00000000e+00   0.00000000e+00   0.00000000e+00 ...,  -1.11253484e-03
    -7.46145016e-04   1.30994284e-03]]]
[[[ 0.00183319  0.00047877  0.00047243  0.          0.          0.          0.
    0.          0.          0.          0.00203022  0.00046497  0.
    0.00047642  0.          0.          0.          0.          0.          0.
    0.0017671   0.00050762  0.         -0.00047821  0.          0.          0.
    0.          0.          0.          0.0018294   0.00050028 -0.00048209
    0.          0.          0.          0.          0.          0.          0.
    0.00204522  0.          0.00056793  0.00050389  0.          0.          0.
    0.          0.          0.          0.00178352  0.          0.00045971
   -0.00048486  0.          0.          0.          0.          0.          0.
    0.00187794  0.         -0.00042489  0.00047907  0.          0.          0.
    0.          0.          0.          0.00191622  0.         -0.00048186
   -0.00051124  0.          0.          0.          0.          0.          0.
    0.00178725 -0.00048863  0.00048697  0.          0.          0.          0.
    0.          0.          0.          0.00192708 -0.00041876  0.
    0.00047566  0.          0.          0.          0.          0.          0.
    0.00167094 -0.00051074  0.         -0.00056169  0.          0.          0.
    0.          0.          0.          0.00197413 -0.00049302 -0.00047432
    0.          0.          0.          0.          0.          0.          0.        ]
  [ 0.          0.          0.          0.          0.         -0.00202232
    0.          0.00215922  0.0023339  -0.00241051  0.          0.          0.
    0.          0.00219529  0.         -0.00254071  0.00232839  0.
   -0.00188167  0.          0.          0.          0.         -0.00187734
    0.          0.00247661  0.00249336  0.         -0.001806    0.          0.
    0.          0.          0.          0.0019942   0.          0.00192191
   -0.00279091 -0.00275479  0.          0.          0.          0.
    0.00243754 -0.00261208 -0.00172159  0.          0.00205888  0.          0.
    0.          0.          0.         -0.00240223 -0.00264933  0.00205535
    0.          0.00198131  0.          0.          0.          0.          0.
    0.00247878  0.00222216 -0.00186622  0.         -0.00202511  0.          0.
    0.          0.          0.         -0.00242455  0.0022608   0.00210771
    0.         -0.00192158  0.          0.          0.          0.          0.
    0.         -0.00204213  0.         -0.00199903  0.00282992  0.002837
    0.          0.          0.          0.          0.00198031  0.
   -0.00252466 -0.00231323  0.          0.00188661  0.          0.          0.
    0.         -0.00217252  0.          0.00258932 -0.00239499  0.
    0.00198128  0.          0.          0.          0.          0.
    0.00193519  0.         -0.00220928 -0.00246891  0.00278609]]

 [[ 0.00183281  0.00047937  0.00047302  0.          0.          0.          0.
    0.          0.          0.          0.0020298   0.00046554  0.
    0.00047701  0.          0.          0.          0.          0.          0.
    0.00176673  0.00050825  0.         -0.00047881  0.          0.          0.
    0.          0.          0.          0.00182901  0.0005009  -0.00048269
    0.          0.          0.          0.          0.          0.          0.
    0.00204479  0.          0.00056864  0.00050451  0.          0.          0.
    0.          0.          0.          0.00178314  0.          0.00046028
   -0.00048546  0.          0.          0.          0.          0.          0.
    0.00187755  0.         -0.00042542  0.00047966  0.          0.          0.
    0.          0.          0.          0.00191582  0.         -0.00048246
   -0.00051187  0.          0.          0.          0.          0.          0.
    0.00178688 -0.00048924  0.00048757  0.          0.          0.          0.
    0.          0.          0.          0.00192668 -0.00041928  0.
    0.00047625  0.          0.          0.          0.          0.          0.
    0.00167059 -0.00051137  0.         -0.00056238  0.          0.          0.
    0.          0.          0.          0.00197371 -0.00049363 -0.00047491
    0.          0.          0.          0.          0.          0.          0.        ]
  [ 0.          0.          0.          0.          0.         -0.00201967
    0.          0.00215639  0.00233084 -0.00240734  0.          0.          0.
    0.          0.00219241  0.         -0.00253738  0.00232534  0.
   -0.0018792   0.          0.          0.          0.         -0.00187488
    0.          0.00247336  0.00249009  0.         -0.00180363  0.          0.
    0.          0.          0.          0.00199158  0.          0.00191939
   -0.00278725 -0.00275117  0.          0.          0.          0.
    0.00243434 -0.00260866 -0.00171933  0.          0.00205618  0.          0.
    0.          0.          0.         -0.00239908 -0.00264586  0.00205265
    0.          0.00197871  0.          0.          0.          0.          0.
    0.00247553  0.00221924 -0.00186377  0.         -0.00202245  0.          0.
    0.          0.          0.         -0.00242137  0.00225784  0.00210495
    0.         -0.00191906  0.          0.          0.          0.          0.
    0.         -0.00203945  0.         -0.00199641  0.00282621  0.00283328
    0.          0.          0.          0.          0.00197771  0.
   -0.00252135 -0.0023102   0.          0.00188413  0.          0.          0.
    0.         -0.00216967  0.          0.00258593 -0.00239185  0.
    0.00197868  0.          0.          0.          0.          0.
    0.00193266  0.         -0.00220638 -0.00246567  0.00278244]]

 [[ 0.00183307  0.00047896  0.00047262  0.          0.          0.          0.
    0.          0.          0.          0.00203009  0.00046515  0.
    0.00047661  0.          0.          0.          0.          0.          0.
    0.00176698  0.00050783  0.         -0.0004784   0.          0.          0.
    0.          0.          0.          0.00182928  0.00050048 -0.00048229
    0.          0.          0.          0.          0.          0.          0.
    0.00204508  0.          0.00056816  0.00050408  0.          0.          0.
    0.          0.          0.          0.0017834   0.          0.00045989
   -0.00048505  0.          0.          0.          0.          0.          0.
    0.00187782  0.         -0.00042506  0.00047925  0.          0.          0.
    0.          0.          0.          0.0019161   0.         -0.00048205
   -0.00051144  0.          0.          0.          0.          0.          0.
    0.00178713 -0.00048882  0.00048716  0.          0.          0.          0.
    0.          0.          0.          0.00192695 -0.00041892  0.
    0.00047585  0.          0.          0.          0.          0.          0.
    0.00167083 -0.00051094  0.         -0.00056191  0.          0.          0.
    0.          0.          0.          0.00197399 -0.00049321 -0.00047451
    0.          0.          0.          0.          0.          0.          0.        ]
  [ 0.          0.          0.          0.          0.         -0.00202148
    0.          0.00215831  0.00233292 -0.0024095   0.          0.          0.
    0.          0.00219437  0.         -0.00253965  0.00232742  0.
   -0.00188088  0.          0.          0.          0.         -0.00187655
    0.          0.00247557  0.00249232  0.         -0.00180524  0.          0.
    0.          0.          0.          0.00199336  0.          0.0019211
   -0.00278974 -0.00275363  0.          0.          0.          0.
    0.00243652 -0.00261099 -0.00172087  0.          0.00205802  0.          0.
    0.          0.          0.         -0.00240122 -0.00264822  0.00205449
    0.          0.00198048  0.          0.          0.          0.          0.
    0.00247774  0.00222123 -0.00186544  0.         -0.00202426  0.          0.
    0.          0.          0.         -0.00242354  0.00225986  0.00210683
    0.         -0.00192078  0.          0.          0.          0.          0.
    0.         -0.00204128  0.         -0.0019982   0.00282874  0.00283581
    0.          0.          0.          0.          0.00197948  0.
   -0.0025236  -0.00231226  0.          0.00188582  0.          0.          0.
    0.         -0.00217161  0.          0.00258824 -0.00239399  0.
    0.00198045  0.          0.          0.          0.          0.
    0.00193438  0.         -0.00220836 -0.00246788  0.00278493]]]
[[[ 0.00084118  0.00052694  0.         ...,  0.          0.          0.        ]
  [ 0.          0.          0.         ..., -0.00116339  0.          0.00117901]]

 [[ 0.00084092  0.00052752  0.         ...,  0.          0.          0.        ]
  [ 0.          0.          0.         ..., -0.00116191  0.          0.00117751]]

 [[ 0.0008411   0.00052712  0.         ...,  0.          0.          0.        ]
  [ 0.          0.          0.         ..., -0.00116292  0.          0.00117853]]]
[[[ 0.0009741   0.00054589  0.00010971 ...,  0.          0.          0.        ]
  [ 0.          0.          0.         ..., -0.00156632 -0.00113553
    0.00182739]]

 [[ 0.00097357  0.00054636  0.00010981 ...,  0.          0.          0.        ]
  [ 0.          0.          0.         ..., -0.00156438 -0.00113412
    0.00182513]]

 [[ 0.00097393  0.00054604  0.00010974 ...,  0.          0.          0.        ]
  [ 0.          0.          0.         ..., -0.0015657  -0.00113508
    0.00182667]]]
[[[ 0.00104012  0.0005917   0.00011943 ...,  0.          0.          0.        ]
  [ 0.          0.          0.         ..., -0.00162271 -0.00087876
    0.0016505 ]]

 [[ 0.00103969  0.00059226  0.00011955 ...,  0.          0.          0.        ]
  [ 0.          0.          0.         ..., -0.00162076 -0.0008777
    0.00164851]]

 [[ 0.00103999  0.00059188  0.00011947 ...,  0.          0.          0.        ]
  [ 0.          0.          0.         ..., -0.00162208 -0.00087842
    0.00164986]]]
[[[ 0.00386576  0.00098691  0.00088121  0.00083695  0.          0.          0.
    0.          0.          0.          0.00424581  0.00093803  0.00084543
   -0.00102555  0.          0.          0.          0.          0.          0.
    0.00386058  0.00086403 -0.00080545  0.00081943  0.          0.          0.
    0.          0.          0.          0.00389576  0.00089938 -0.00090018
   -0.00099435  0.          0.          0.          0.          0.          0.
    0.00385    -0.00084565  0.00086669  0.00087793  0.          0.          0.
    0.          0.          0.          0.00390038 -0.0009187   0.00087257
   -0.00083379  0.          0.          0.          0.          0.          0.
    0.00378989 -0.00089881 -0.00092424  0.00095056  0.          0.          0.
    0.          0.          0.          0.00404414 -0.00097893 -0.00085325
   -0.00089986  0.          0.          0.          0.          0.          0.        ]
  [ 0.          0.          0.          0.          0.00318606 -0.00308959
   -0.0034664   0.00304889  0.00304237 -0.00339295  0.          0.          0.
    0.         -0.00338095 -0.00307294  0.00317457  0.00382453  0.0030297
   -0.00323709  0.          0.          0.          0.          0.00358217
    0.00327413 -0.00334282  0.00298594 -0.00303656 -0.00309675  0.          0.
    0.          0.         -0.00305917  0.00393309  0.00320072  0.00329478
   -0.00321298 -0.00313772  0.          0.          0.          0.
    0.00294077 -0.00330533 -0.00305278 -0.00324836  0.00340784  0.00304895
    0.          0.          0.          0.         -0.00347078 -0.00344787
    0.00304543 -0.00276738  0.00349185  0.00292174  0.          0.          0.
    0.          0.0032612   0.00302972 -0.00300104 -0.00284336 -0.00285899
    0.00314468  0.          0.          0.          0.         -0.00346612
    0.00300303  0.00333842 -0.00304626 -0.00287834  0.00315817]]

 [[ 0.00386501  0.00098804  0.00088222  0.00083791  0.          0.          0.
    0.          0.          0.          0.00424498  0.00093911  0.0008464
   -0.00102672  0.          0.          0.          0.          0.          0.
    0.00385983  0.00086502 -0.00080637  0.00082036  0.          0.          0.
    0.          0.          0.          0.003895    0.00090041 -0.00090121
   -0.00099549  0.          0.          0.          0.          0.          0.
    0.00384925 -0.00084661  0.00086768  0.00087894  0.          0.          0.
    0.          0.          0.          0.00389962 -0.00091976  0.00087357
   -0.00083474  0.          0.          0.          0.          0.          0.
    0.00378915 -0.00089984 -0.0009253   0.00095165  0.          0.          0.
    0.          0.          0.          0.00404335 -0.00098005 -0.00085422
   -0.00090089  0.          0.          0.          0.          0.          0.        ]
  [ 0.          0.          0.          0.          0.00318232 -0.00308597
   -0.00346234  0.00304532  0.00303881 -0.00338898  0.          0.          0.
    0.         -0.00337699 -0.00306934  0.00317085  0.00382005  0.00302615
   -0.0032333   0.          0.          0.          0.          0.00357798
    0.0032703  -0.0033389   0.00298245 -0.003033   -0.00309313  0.          0.
    0.          0.         -0.00305559  0.00392849  0.00319697  0.00329092
   -0.00320922 -0.00313405  0.          0.          0.          0.
    0.00293733 -0.00330146 -0.0030492  -0.00324455  0.00340385  0.00304538
    0.          0.          0.          0.         -0.00346671 -0.00344383
    0.00304186 -0.00276413  0.00348776  0.00291832  0.          0.          0.
    0.          0.00325738  0.00302617 -0.00299752 -0.00284003 -0.00285564
    0.003141    0.          0.          0.          0.         -0.00346206
    0.00299952  0.00333451 -0.00304269 -0.00287496  0.00315447]]

 [[ 0.00386552  0.00098727  0.00088154  0.00083726  0.          0.          0.
    0.          0.          0.          0.00424555  0.00093838  0.00084574
   -0.00102592  0.          0.          0.          0.          0.          0.
    0.00386034  0.00086435 -0.00080574  0.00081973  0.          0.          0.
    0.          0.          0.          0.00389551  0.00089971 -0.00090051
   -0.00099472  0.          0.          0.          0.          0.          0.
    0.00384976 -0.00084596  0.000867    0.00087826  0.          0.          0.
    0.          0.          0.          0.00390014 -0.00091904  0.00087289
   -0.00083409  0.          0.          0.          0.          0.          0.
    0.00378965 -0.00089914 -0.00092458  0.0009509   0.          0.          0.
    0.          0.          0.          0.00404389 -0.00097929 -0.00085356
   -0.00090019  0.          0.          0.          0.          0.          0.        ]
  [ 0.          0.          0.          0.          0.00318486 -0.00308844
   -0.00346511  0.00304775  0.00304123 -0.00339168  0.          0.          0.
    0.         -0.00337968 -0.00307179  0.00317338  0.0038231   0.00302857
   -0.00323588  0.          0.          0.          0.          0.00358083
    0.00327291 -0.00334156  0.00298483 -0.00303542 -0.0030956   0.          0.
    0.          0.         -0.00305803  0.00393162  0.00319952  0.00329354
   -0.00321178 -0.00313655  0.          0.          0.          0.
    0.00293967 -0.0033041  -0.00305163 -0.00324714  0.00340657  0.00304781
    0.          0.          0.          0.         -0.00346948 -0.00344658
    0.00304429 -0.00276634  0.00349054  0.00292065  0.          0.          0.
    0.          0.00325998  0.00302858 -0.00299991 -0.0028423  -0.00285792
    0.0031435   0.          0.          0.          0.         -0.00346482
    0.00300191  0.00333717 -0.00304512 -0.00287726  0.00315699]]]
[[[ 0.00134322  0.00058801  0.00032066 ...,  0.          0.          0.        ]
  [ 0.          0.          0.         ..., -0.00131087 -0.00158976
    0.00200843]]

 [[ 0.00134272  0.00058856  0.00032097 ...,  0.          0.          0.        ]
  [ 0.          0.          0.         ..., -0.00130938 -0.00158794
    0.00200614]]

 [[ 0.00134306  0.00058818  0.00032076 ...,  0.          0.          0.        ]
  [ 0.          0.          0.         ..., -0.00131039 -0.00158918
    0.0020077 ]]]
[[[ 0.00067396  0.00029746  0.00016762 ...,  0.          0.          0.        ]
  [ 0.          0.          0.         ..., -0.00072602 -0.00078573
    0.00086262]]

 [[ 0.00067375  0.00029776  0.00016779 ...,  0.          0.          0.        ]
  [ 0.          0.          0.         ..., -0.00072521 -0.00078486
    0.00086166]]

 [[ 0.00067389  0.00029756  0.00016767 ...,  0.          0.          0.        ]
  [ 0.          0.          0.         ..., -0.00072576 -0.00078545
    0.00086232]]]
[[[ 0.00507177  0.00474699  0.          0.          0.          0.          0.
    0.          0.          0.          0.00476616  0.          0.00468375
    0.          0.          0.          0.          0.          0.          0.
    0.00592938  0.          0.          0.00470684  0.          0.          0.
    0.          0.          0.          0.00498574  0.          0.
   -0.00439999  0.          0.          0.          0.          0.          0.
    0.00591454  0.         -0.00465064  0.          0.          0.          0.
    0.          0.          0.          0.00521157 -0.00528549  0.          0.
    0.          0.          0.          0.          0.          0.        ]
  [ 0.          0.          0.          0.          0.          0.          0.
    0.01589201  0.         -0.01522201  0.          0.          0.          0.
    0.         -0.01315637  0.          0.          0.01528114  0.          0.
    0.          0.          0.          0.01287411  0.         -0.01280714
    0.          0.          0.          0.          0.          0.          0.
   -0.01253382  0.          0.01288426  0.          0.          0.          0.
    0.          0.          0.          0.          0.01310574  0.          0.
   -0.01374423  0.          0.          0.          0.          0.          0.
    0.          0.         -0.01193656  0.          0.01221689]]

 [[ 0.0050671   0.00474856  0.          0.          0.          0.          0.
    0.          0.          0.          0.00476177  0.          0.0046853
    0.          0.          0.          0.          0.          0.          0.
    0.00592392  0.          0.          0.0047084   0.          0.          0.
    0.          0.          0.          0.00498115  0.          0.
   -0.00440144  0.          0.          0.          0.          0.          0.
    0.0059091   0.         -0.00465217  0.          0.          0.          0.
    0.          0.          0.          0.00520677 -0.00528724  0.          0.
    0.          0.          0.          0.          0.          0.        ]
  [ 0.          0.          0.          0.          0.          0.          0.
    0.01587511  0.         -0.01520583  0.          0.          0.          0.
    0.         -0.01314238  0.          0.          0.01526489  0.          0.
    0.          0.          0.          0.01286042  0.         -0.01279353
    0.          0.          0.          0.          0.          0.          0.
   -0.0125205   0.          0.01287056  0.          0.          0.          0.
    0.          0.          0.          0.          0.0130918   0.          0.
   -0.01372962  0.          0.          0.          0.          0.          0.
    0.          0.         -0.01192387  0.          0.0122039 ]]

 [[ 0.00507028  0.00474749  0.          0.          0.          0.          0.
    0.          0.          0.          0.00476476  0.          0.00468425
    0.          0.          0.          0.          0.          0.          0.
    0.00592764  0.          0.          0.00470734  0.          0.          0.
    0.          0.          0.          0.00498428  0.          0.
   -0.00440045  0.          0.          0.          0.          0.          0.
    0.00591281  0.         -0.00465113  0.          0.          0.          0.
    0.          0.          0.          0.00521004 -0.00528605  0.          0.
    0.          0.          0.          0.          0.          0.        ]
  [ 0.          0.          0.          0.          0.          0.          0.
    0.01588661  0.         -0.01521684  0.          0.          0.          0.
    0.         -0.0131519   0.          0.          0.01527595  0.          0.
    0.          0.          0.          0.01286974  0.         -0.01280279
    0.          0.          0.          0.          0.          0.          0.
   -0.01252957  0.          0.01287988  0.          0.          0.          0.
    0.          0.          0.          0.          0.01310129  0.          0.
   -0.01373956  0.          0.          0.          0.          0.          0.
    0.          0.         -0.01193251  0.          0.01221274]]]
[[[  7.50151157e-04   6.54529977e-04   7.44590145e-05 ...,   0.00000000e+00
     0.00000000e+00   0.00000000e+00]
  [  0.00000000e+00   0.00000000e+00   0.00000000e+00 ...,  -1.13369926e-03
    -6.52965224e-04   1.16287418e-03]]

 [[  7.49737677e-04   6.54975647e-04   7.45097137e-05 ...,   0.00000000e+00
     0.00000000e+00   0.00000000e+00]
  [  0.00000000e+00   0.00000000e+00   0.00000000e+00 ...,  -1.13252025e-03
    -6.52286164e-04   1.16166483e-03]]

 [[  7.50019162e-04   6.54672327e-04   7.44752082e-05 ...,   0.00000000e+00
     0.00000000e+00   0.00000000e+00]
  [  0.00000000e+00   0.00000000e+00   0.00000000e+00 ...,  -1.13332257e-03
    -6.52748267e-04   1.16248779e-03]]]
[[[ 0.0012297   0.00086488  0.00012401 ...,  0.          0.          0.        ]
  [ 0.          0.          0.         ..., -0.00153025 -0.00085967
    0.00172113]]

 [[ 0.001229    0.00086544  0.00012409 ...,  0.          0.          0.        ]
  [ 0.          0.          0.         ..., -0.0015287  -0.0008588
    0.00171938]]

 [[ 0.00122948  0.00086506  0.00012403 ...,  0.          0.          0.        ]
  [ 0.          0.          0.         ..., -0.00152976 -0.0008594
    0.00172057]]]
[[[ 0.00197625  0.00081535  0.00086344 ...,  0.          0.          0.        ]
  [ 0.          0.          0.         ..., -0.00201615 -0.00229267
    0.00231289]]

 [[ 0.00197561  0.00081606  0.0008642  ...,  0.          0.          0.        ]
  [ 0.          0.          0.         ..., -0.00201414 -0.00229038
    0.00231059]]

 [[ 0.00197605  0.00081558  0.00086368 ...,  0.          0.          0.        ]
  [ 0.          0.          0.         ..., -0.00201551 -0.00229194
    0.00231215]]]
[[[ 0.00222853  0.00129474  0.0004155  ...,  0.          0.          0.        ]
  [ 0.          0.          0.         ..., -0.00251839 -0.00289597
    0.00321133]]

 [[ 0.00222735  0.00129558  0.00041577 ...,  0.          0.          0.        ]
  [ 0.          0.          0.         ..., -0.00251593 -0.00289314
    0.00320819]]

 [[ 0.00222816  0.00129501  0.00041559 ...,  0.          0.          0.        ]
  [ 0.          0.          0.         ..., -0.0025176  -0.00289507
    0.00321033]]]
[[[ 0.00123445  0.00064082  0.00022652 ...,  0.          0.          0.        ]
  [ 0.          0.          0.         ..., -0.00121442 -0.00111187
    0.00126132]]

 [[ 0.00123387  0.00064126  0.00022668 ...,  0.          0.          0.        ]
  [ 0.          0.          0.         ..., -0.00121326 -0.00111081
    0.00126011]]

 [[ 0.00123426  0.00064096  0.00022657 ...,  0.          0.          0.        ]
  [ 0.          0.          0.         ..., -0.00121405 -0.00111153
    0.00126094]]]
[[[ 0.00282838  0.00117288  0.00126451 ...,  0.          0.          0.        ]
  [ 0.          0.          0.         ..., -0.00246441 -0.00281363
    0.00272938]]

 [[ 0.00282756  0.00117389  0.0012656  ...,  0.          0.          0.        ]
  [ 0.          0.          0.         ..., -0.00246209 -0.00281098
    0.00272681]]

 [[ 0.00282812  0.0011732   0.00126486 ...,  0.          0.          0.        ]
  [ 0.          0.          0.         ..., -0.00246367 -0.00281279
    0.00272856]]]
[[[ 0.00232117  0.00150353  0.00069158 ...,  0.          0.          0.        ]
  [ 0.          0.          0.         ..., -0.00333196 -0.00233825
    0.00315224]]

 [[ 0.00232022  0.00150459  0.00069207 ...,  0.          0.          0.        ]
  [ 0.          0.          0.         ..., -0.00332893 -0.00233612
    0.00314938]]

 [[ 0.00232087  0.00150387  0.00069174 ...,  0.          0.          0.        ]
  [ 0.          0.          0.         ..., -0.00333099 -0.00233757
    0.00315133]]]
[[[ 0.00963815  0.0070522   0.         ...,  0.          0.          0.        ]
  [ 0.          0.          0.         ..., -0.0112515   0.          0.00756987]]

 [[ 0.00963024  0.00705419  0.         ...,  0.          0.          0.        ]
  [ 0.          0.          0.         ..., -0.01124147  0.          0.00756312]]

 [[ 0.00963562  0.00705284  0.         ...,  0.          0.          0.        ]
  [ 0.          0.          0.         ..., -0.01124829  0.          0.00756771]]]
[[[ 0.00246861  0.00266012  0.0002206  ...,  0.          0.          0.        ]
  [ 0.          0.          0.         ..., -0.00239388 -0.00259174
    0.00430414]]

 [[ 0.00246693  0.0026612   0.00022069 ...,  0.          0.          0.        ]
  [ 0.          0.          0.         ..., -0.00239178 -0.00258947
    0.00430037]]

 [[ 0.00246807  0.00266046  0.00022063 ...,  0.          0.          0.        ]
  [ 0.          0.          0.         ..., -0.00239321 -0.00259102
    0.00430293]]]
[[[ 0.00336131  0.00335036  0.00028048 ...,  0.          0.          0.        ]
  [ 0.          0.          0.         ..., -0.00437919 -0.00338319
    0.00606155]]

 [[ 0.00335866  0.00335132  0.00028056 ...,  0.          0.          0.        ]
  [ 0.          0.          0.         ..., -0.00437541 -0.00338027
    0.00605632]]

 [[ 0.00336047  0.00335067  0.0002805  ...,  0.          0.          0.        ]
  [ 0.          0.          0.         ..., -0.00437798 -0.00338226
    0.00605988]]]
[[[ 0.00579487  0.00481641  0.00055435 ...,  0.          0.          0.        ]
  [ 0.          0.          0.         ..., -0.00136262 -0.00807243
    0.00179173]]

 [[ 0.00579196  0.00481906  0.00055466 ...,  0.          0.          0.        ]
  [ 0.          0.          0.         ..., -0.00136149 -0.00806568
    0.00179023]]

 [[ 0.00579394  0.00481726  0.00055445 ...,  0.          0.          0.        ]
  [ 0.          0.          0.         ..., -0.00136226 -0.00807027
    0.00179125]]]
[[[ 0.0021947   0.0134706   0.0036038  ...,  0.          0.          0.        ]
  [ 0.          0.          0.         ..., -0.00217917 -0.00745292
    0.00587466]]

 [[ 0.00219325  0.01347573  0.00360517 ...,  0.          0.          0.        ]
  [ 0.          0.          0.         ..., -0.00217738 -0.00744678
    0.00586983]]

 [[ 0.00219423  0.01347224  0.00360424 ...,  0.          0.          0.        ]
  [ 0.          0.          0.         ..., -0.0021786  -0.00745096
    0.00587312]]]
[[[ 0.00525635  0.00245007  0.00273272  0.          0.          0.          0.
    0.          0.          0.          0.00538603  0.00245092  0.
    0.00288412  0.          0.          0.          0.          0.          0.
    0.00530804  0.00231486  0.         -0.00243611  0.          0.          0.
    0.          0.          0.          0.00514244  0.00254544 -0.0023357
    0.          0.          0.          0.          0.          0.          0.
    0.00572797  0.          0.00254078  0.00262403  0.          0.          0.
    0.          0.          0.          0.00408102  0.          0.00240455
   -0.00220988  0.          0.          0.          0.          0.          0.
    0.00548605  0.         -0.00249055  0.00240625  0.          0.          0.
    0.          0.          0.          0.0052691   0.         -0.00211666
   -0.00246172  0.          0.          0.          0.          0.          0.
    0.00414518 -0.00279266  0.00264591  0.          0.          0.          0.
    0.          0.          0.          0.00481006 -0.00227264  0.
    0.00241151  0.          0.          0.          0.          0.          0.
    0.00475885 -0.0024409   0.         -0.00240767  0.          0.          0.
    0.          0.          0.          0.00506836 -0.00237412 -0.00257701
    0.          0.          0.          0.          0.          0.          0.        ]
  [ 0.          0.          0.          0.          0.         -0.00456104
    0.          0.00396557  0.00465231 -0.00518605  0.          0.          0.
    0.          0.00431152  0.         -0.00466634  0.00485977  0.
   -0.00476401  0.          0.          0.          0.         -0.00445336
    0.          0.00461278  0.0049377   0.         -0.00407613  0.          0.
    0.          0.          0.          0.00392429  0.          0.00424243
   -0.00485668 -0.00644878  0.          0.          0.          0.
    0.00550272 -0.00455446 -0.00481932  0.          0.00510279  0.          0.
    0.          0.          0.         -0.00540705 -0.00540903  0.00363866
    0.          0.00304388  0.          0.          0.          0.          0.
    0.0046058   0.00489805 -0.00421333  0.         -0.00511786  0.          0.
    0.          0.          0.         -0.00468906  0.00565471  0.00396683
    0.         -0.00397471  0.          0.          0.          0.          0.
    0.         -0.00400832  0.         -0.004604    0.00519728  0.00450282
    0.          0.          0.          0.          0.00385476  0.
   -0.005545   -0.00510404  0.          0.00441813  0.          0.          0.
    0.         -0.00439177  0.          0.00543001 -0.00525498  0.
    0.00430408  0.          0.          0.          0.          0.
    0.00333085  0.         -0.00411663 -0.00618055  0.00475375]]

 [[ 0.00525403  0.00245149  0.0027343   0.          0.          0.          0.
    0.          0.          0.          0.00538365  0.00245233  0.
    0.00288578  0.          0.          0.          0.          0.          0.
    0.0053057   0.0023162   0.         -0.00243751  0.          0.          0.
    0.          0.          0.          0.00514016  0.0025469  -0.00233705
    0.          0.          0.          0.          0.          0.          0.
    0.00572544  0.          0.00254224  0.00262555  0.          0.          0.
    0.          0.          0.          0.00407922  0.          0.00240593
   -0.00221116  0.          0.          0.          0.          0.          0.
    0.00548363  0.         -0.00249198  0.00240764  0.          0.          0.
    0.          0.          0.          0.00526678  0.         -0.00211788
   -0.00246314  0.          0.          0.          0.          0.          0.
    0.00414335 -0.00279427  0.00264743  0.          0.          0.          0.
    0.          0.          0.          0.00480794 -0.00227395  0.
    0.00241291  0.          0.          0.          0.          0.          0.
    0.00475675 -0.00244231  0.         -0.00240906  0.          0.          0.
    0.          0.          0.          0.00506613 -0.00237549 -0.0025785
    0.          0.          0.          0.          0.          0.          0.        ]
  [ 0.          0.          0.          0.          0.         -0.0045574
    0.          0.0039624   0.00464859 -0.00518191  0.          0.          0.
    0.          0.00430807  0.         -0.00466261  0.00485588  0.
   -0.00476021  0.          0.          0.          0.         -0.00444981
    0.          0.0046091   0.00493375  0.         -0.00407287  0.          0.
    0.          0.          0.          0.00392115  0.          0.00423904
   -0.0048528  -0.00644363  0.          0.          0.          0.
    0.00549832 -0.00455082 -0.00481547  0.          0.00509871  0.          0.
    0.          0.          0.         -0.00540273 -0.00540471  0.00363575
    0.          0.00304145  0.          0.          0.          0.          0.
    0.00460212  0.00489414 -0.00420997  0.         -0.00511377  0.          0.
    0.          0.          0.         -0.00468531  0.0056502   0.00396366
    0.         -0.00397154  0.          0.          0.          0.          0.
    0.         -0.00400512  0.         -0.00460032  0.00519313  0.00449922
    0.          0.          0.          0.          0.00385168  0.
   -0.00554057 -0.00509996  0.          0.0044146   0.          0.          0.
    0.         -0.00438826  0.          0.00542567 -0.00525078  0.
    0.00430064  0.          0.          0.          0.          0.
    0.00332819  0.         -0.00411334 -0.00617561  0.00474995]]

 [[ 0.00525561  0.00245052  0.00273323  0.          0.          0.          0.
    0.          0.          0.          0.00538527  0.00245137  0.
    0.00288465  0.          0.          0.          0.          0.          0.
    0.00530729  0.00231529  0.         -0.00243656  0.          0.          0.
    0.          0.          0.          0.00514171  0.0025459  -0.00233613
    0.          0.          0.          0.          0.          0.          0.
    0.00572716  0.          0.00254124  0.00262452  0.          0.          0.
    0.          0.          0.          0.00408044  0.          0.00240499
   -0.00221029  0.          0.          0.          0.          0.          0.
    0.00548528  0.         -0.00249101  0.0024067   0.          0.          0.
    0.          0.          0.          0.00526836  0.         -0.00211705
   -0.00246217  0.          0.          0.          0.          0.          0.
    0.0041446  -0.00279318  0.0026464   0.          0.          0.          0.
    0.          0.          0.          0.00480938 -0.00227306  0.
    0.00241196  0.          0.          0.          0.          0.          0.
    0.00475818 -0.00244135  0.         -0.00240811  0.          0.          0.
    0.          0.          0.          0.00506765 -0.00237456 -0.00257749
    0.          0.          0.          0.          0.          0.          0.        ]
  [ 0.          0.          0.          0.          0.         -0.00455988
    0.          0.00396455  0.00465112 -0.00518473  0.          0.          0.
    0.          0.00431042  0.         -0.00466515  0.00485853  0.
   -0.0047628   0.          0.          0.          0.         -0.00445223
    0.          0.00461161  0.00493644  0.         -0.00407509  0.          0.
    0.          0.          0.          0.00392328  0.          0.00424135
   -0.00485544 -0.00644714  0.          0.          0.          0.
    0.00550132 -0.0045533  -0.00481809  0.          0.00510149  0.          0.
    0.          0.          0.         -0.00540567 -0.00540765  0.00363773
    0.          0.00304311  0.          0.          0.          0.          0.
    0.00460463  0.0048968  -0.00421226  0.         -0.00511655  0.          0.
    0.          0.          0.         -0.00468786  0.00565327  0.00396582
    0.         -0.0039737   0.          0.          0.          0.          0.
    0.         -0.0040073   0.         -0.00460282  0.00519595  0.00450167
    0.          0.          0.          0.          0.00385378  0.
   -0.00554359 -0.00510273  0.          0.004417    0.          0.          0.
    0.         -0.00439065  0.          0.00542862 -0.00525363  0.
    0.00430298  0.          0.          0.          0.          0.          0.00333
    0.         -0.00411558 -0.00617897  0.00475253]]]
[[[ 0.0018166   0.00099914  0.00027482 ...,  0.          0.          0.        ]
  [ 0.          0.          0.         ..., -0.00169922 -0.00123523
    0.00193359]]

 [[ 0.00181581  0.00099972  0.00027497 ...,  0.          0.          0.        ]
  [ 0.          0.          0.         ..., -0.00169788 -0.00123426
    0.00193207]]

 [[ 0.00181634  0.00099932  0.00027487 ...,  0.          0.          0.        ]
  [ 0.          0.          0.         ..., -0.00169879 -0.00123492
    0.0019331 ]]]
[[[ 0.00168     0.00117847  0.00045245 ...,  0.          0.          0.        ]
  [ 0.          0.          0.         ..., -0.00171712 -0.00150861
    0.00140987]]

 [[ 0.00167928  0.00117915  0.0004527  ...,  0.          0.          0.        ]
  [ 0.          0.          0.         ..., -0.00171579 -0.00150744
    0.00140878]]

 [[ 0.00167977  0.00117869  0.00045253 ...,  0.          0.          0.        ]
  [ 0.          0.          0.         ..., -0.00171669 -0.00150824
    0.00140952]]]
[[[ 0.00222045  0.00128703  0.00058584 ...,  0.          0.          0.        ]
  [ 0.          0.          0.         ..., -0.00246003 -0.00203819
    0.00258284]]

 [[ 0.00221938  0.00128768  0.00058614 ...,  0.          0.          0.        ]
  [ 0.          0.          0.         ..., -0.00245814 -0.00203663
    0.00258086]]

 [[ 0.0022201   0.00128723  0.00058593 ...,  0.          0.          0.        ]
  [ 0.          0.          0.         ..., -0.00245942 -0.00203769
    0.00258221]]]
[[[ 0.0028493   0.00422459  0.         ...,  0.          0.          0.        ]
  [ 0.          0.          0.         ..., -0.0031837   0.          0.00409035]]

 [[ 0.00284763  0.00422624  0.         ...,  0.          0.          0.        ]
  [ 0.          0.          0.         ..., -0.00318129  0.          0.00408726]]

 [[ 0.00284877  0.00422512  0.         ...,  0.          0.          0.        ]
  [ 0.          0.          0.         ..., -0.00318293  0.          0.00408937]]]
